3	3
1
4	2	2
2	2
5	5
8	2	2	2
7	7
6	2	3
9	3	3
11	11
13	13
10	2	5
15	3	5
12	2	2	3
18	2	3	3
14	2	7
16	2	2	2	2
20	2	2	5
19	19
17	17
22	2	11
23	23
27	3	3	3
25	5	5
26	2	13
21	3	7
28	2	2	7
24	2	2	2	3
30	2	3	5
32	2	2	2	2	2
31	31
29	29
33	3	11
35	5	7
34	2	17
36	2	2	3	3
37	37
39	3	13
40	2	2	2	5
38	2	19
43	43
42	2	3	7
44	2	2	11
46	2	23
45	3	3	5
41	41
49	7	7
50	2	5	5
47	47
51	3	17
48	2	2	2	2	3
52	2	2	13
54	2	3	3	3
53	53
55	5	11
57	3	19
56	2	2	2	7
58	2	29
61	61
60	2	2	3	5
59	59
62	2	31
63	3	3	7
65	5	13
64	2	2	2	2	2	2
66	2	3	11
70	2	5	7
68	2	2	17
69	3	23
67	67
71	71
72	2	2	2	3	3
73	73
75	3	5	5
77	7	11
74	2	37
76	2	2	19
80	2	2	2	2	5
79	79
81	3	3	3	3
78	2	3	13
83	83
82	2	41
84	2	2	3	7
85	5	17
88	2	2	2	11
87	3	29
86	2	43
89	89
92	2	2	23
90	2	3	3	5
94	2	47
93	3	31
95	5	19
91	7	13
96	2	2	2	2	2	3
98	2	7	7
97	97
99	3	3	11
100	2	2	5	5
101	101
104	2	2	2	13
103	103
105	3	5	7
102	2	3	17
107	107
108	2	2	3	3	3
106	2	53
110	2	5	11
111	3	37
109	109
113	113
115	5	23
114	2	3	19
112	2	2	2	2	7
116	2	2	29
118	2	59
117	3	3	13
120	2	2	2	3	5
119	7	17
121	11	11
122	2	61
123	3	41
124	2	2	31
127	127
125	5	5	5
126	2	3	3	7
129	3	43
128	2	2	2	2	2	2	2
130	2	5	13
132	2	2	3	11
131	131
135	3	3	3	5
134	2	67
133	7	19
137	137
138	2	3	23
136	2	2	2	17
139	139
140	2	2	5	7
141	3	47
142	2	71
143	11	13
146	2	73
147	3	7	7
144	2	2	2	2	3	3
145	5	29
149	149
150	2	3	5	5
151	151
148	2	2	37
152	2	2	2	19
153	3	3	17
154	2	7	11
155	5	31
158	2	79
156	2	2	3	13
159	3	53
157	157
160	2	2	2	2	2	5
161	7	23
162	2	3	3	3	3
165	3	5	11
163	163
164	2	2	41
166	2	83
167	167
168	2	2	2	3	7
169	13	13
172	2	2	43
170	2	5	17
171	3	3	19
173	173
174	2	3	29
175	5	5	7
176	2	2	2	2	11
179	179
178	2	89
180	2	2	3	3	5
177	3	59
182	2	7	13
181	181
183	3	61
185	5	37
187	11	17
184	2	2	2	23
188	2	2	47
186	2	3	31
190	2	5	19
191	191
192	2	2	2	2	2	2	3
193	193
189	3	3	3	7
195	3	5	13
194	2	97
196	2	2	7	7
197	197
199	199
201	3	67
200	2	2	2	5	5
202	2	101
198	2	3	3	11
204	2	2	3	17
203	7	29
208	2	2	2	2	13
209	11	19
206	2	103
207	3	3	23
205	5	41
210	2	3	5	7
211	211
213	3	71
215	5	43
212	2	2	53
214	2	107
217	7	31
218	2	109
216	2	2	2	3	3	3
220	2	2	5	11
219	3	73
223	223
221	13	17
224	2	2	2	2	2	7
225	3	3	5	5
226	2	113
222	2	3	37
227	227
228	2	2	3	19
229	229
232	2	2	2	29
230	2	5	23
231	3	7	11
233	233
234	2	3	3	13
235	5	47
238	2	7	17
237	3	79
236	2	2	59
239	239
240	2	2	2	2	3	5
243	3	3	3	3	3
241	241
244	2	2	61
242	2	11	11
245	5	7	7
246	2	3	41
249	3	83
248	2	2	2	31
247	13	19
250	2	5	5	5
251	251
252	2	2	3	3	7
256	2	2	2	2	2	2	2	2
253	11	23
254	2	127
255	3	5	17
257	257
258	2	3	43
261	3	3	29
262	2	131
260	2	2	5	13
263	263
259	7	37
264	2	2	2	3	11
265	5	53
266	2	7	19
268	2	2	67
267	3	89
270	2	3	3	3	5
269	269
271	271
272	2	2	2	2	17
274	2	137
273	3	7	13
275	5	5	11
277	277
279	3	3	31
276	2	2	3	23
278	2	139
280	2	2	2	5	7
281	281
283	283
285	3	5	19
284	2	2	71
286	2	11	13
282	2	3	47
288	2	2	2	2	2	3	3
289	17	17
290	2	5	29
287	7	41
293	293
292	2	2	73
291	3	97
295	5	59
294	2	3	7	7
297	3	3	3	11
298	2	149
299	13	23
301	7	43
302	2	151
300	2	2	3	5	5
296	2	2	2	37
303	3	101
304	2	2	2	2	19
305	5	61
306	2	3	3	17
307	307
309	3	103
308	2	2	7	11
310	2	5	31
313	313
314	2	157
312	2	2	2	3	13
311	311
316	2	2	79
317	317
315	3	3	5	7
319	11	29
318	2	3	53
321	3	107
320	2	2	2	2	2	2	5
322	2	7	23
323	17	19
324	2	2	3	3	3	3
327	3	109
326	2	163
325	5	5	13
329	7	47
328	2	2	2	41
330	2	3	5	11
332	2	2	83
331	331
333	3	3	37
337	337
335	5	67
334	2	167
336	2	2	2	2	3	7
338	2	13	13
340	2	2	5	17
341	11	31
339	3	113
342	2	3	3	19
344	2	2	2	43
343	7	7	7
345	3	5	23
346	2	173
348	2	2	3	29
347	347
349	349
351	3	3	3	13
350	2	5	5	7
353	353
352	2	2	2	2	2	11
355	5	71
354	2	3	59
357	3	7	17
358	2	179
360	2	2	2	3	3	5
359	359
356	2	2	89
361	19	19
363	3	11	11
364	2	2	7	13
362	2	181
366	2	3	61
365	5	73
367	367
368	2	2	2	2	23
371	7	53
372	2	2	3	31
370	2	5	37
373	373
369	3	3	41
374	2	11	17
376	2	2	2	47
377	13	29
375	3	5	5	5
379	379
378	2	3	3	3	7
381	3	127
380	2	2	5	19
382	2	191
383	383
386	2	193
385	5	7	11
384	2	2	2	2	2	2	2	3
387	3	3	43
389	389
388	2	2	97
392	2	2	2	7	7
391	17	23
394	2	197
395	5	79
396	2	2	3	3	11
390	2	3	5	13
397	397
393	3	131
399	3	7	19
398	2	199
402	2	3	67
401	401
404	2	2	101
400	2	2	2	2	5	5
405	3	3	3	3	5
406	2	7	29
403	13	31
407	11	37
410	2	5	41
408	2	2	2	3	17
413	7	59
412	2	2	103
409	409
414	2	3	3	23
411	3	137
418	2	11	19
415	5	83
419	419
417	3	139
421	421
416	2	2	2	2	2	13
423	3	3	47
420	2	2	3	5	7
425	5	5	17
424	2	2	2	53
426	2	3	71
427	7	61
422	2	211
428	2	2	107
430	2	5	43
429	3	11	13
432	2	2	2	2	3	3	3
434	2	7	31
433	433
431	431
435	3	5	29
437	19	23
436	2	2	109
439	439
438	2	3	73
440	2	2	2	5	11
445	5	89
444	2	2	3	37
443	443
441	3	3	7	7
442	2	13	17
446	2	223
448	2	2	2	2	2	2	7
449	449
447	3	149
451	11	41
452	2	2	113
453	3	151
455	5	7	13
454	2	227
456	2	2	2	3	19
450	2	3	3	5	5
459	3	3	3	17
460	2	2	5	23
457	457
458	2	229
461	461
464	2	2	2	2	29
462	2	3	7	11
465	3	5	31
463	463
466	2	233
467	467
468	2	2	3	3	13
471	3	157
470	2	5	47
469	7	67
472	2	2	2	59
474	2	3	79
475	5	5	19
477	3	3	53
473	11	43
476	2	2	7	17
478	2	239
480	2	2	2	2	2	3	5
479	479
483	3	7	23
482	2	241
484	2	2	11	11
481	13	37
488	2	2	2	61
486	2	3	3	3	3	3
487	487
485	5	97
491	491
489	3	163
492	2	2	3	41
490	2	5	7	7
494	2	13	19
493	17	29
495	3	3	5	11
497	7	71
496	2	2	2	2	31
499	499
498	2	3	83
500	2	2	5	5	5
502	2	251
501	3	167
504	2	2	2	3	3	7
506	2	11	23
503	503
507	3	13	13
509	509
510	2	3	5	17
508	2	2	127
511	7	73
505	5	101
512	2	2	2	2	2	2	2	2	2
517	11	47
513	3	3	3	19
514	2	257
515	5	103
516	2	2	3	43
518	2	7	37
520	2	2	2	5	13
521	521
523	523
522	2	3	3	29
519	3	173
524	2	2	131
525	3	5	5	7
526	2	263
528	2	2	2	2	3	11
527	17	31
531	3	3	59
532	2	2	7	19
534	2	3	89
530	2	5	53
529	23	23
533	13	41
535	5	107
536	2	2	2	67
537	3	179
541	541
538	2	269
540	2	2	3	3	3	5
543	3	181
539	7	7	11
544	2	2	2	2	2	17
542	2	271
547	547
548	2	2	137
546	2	3	7	13
550	2	5	5	11
549	3	3	61
545	5	109
554	2	277
551	19	29
552	2	2	2	3	23
553	7	79
555	3	5	37
556	2	2	139
557	557
559	13	43
558	2	3	3	31
560	2	2	2	2	5	7
561	3	11	17
563	563
562	2	281
564	2	2	3	47
566	2	283
567	3	3	3	3	7
565	5	113
570	2	3	5	19
571	571
568	2	2	2	71
569	569
573	3	191
572	2	2	11	13
575	5	5	23
574	2	7	41
576	2	2	2	2	2	2	3	3
578	2	17	17
580	2	2	5	29
579	3	193
577	577
581	7	83
582	2	3	97
584	2	2	2	73
585	3	3	5	13
587	587
586	2	293
588	2	2	3	7	7
583	11	53
591	3	197
589	19	31
590	2	5	59
593	593
592	2	2	2	2	37
594	2	3	3	3	11
595	5	7	17
596	2	2	149
599	599
600	2	2	2	3	5	5
601	601
598	2	13	23
597	3	199
605	5	11	11
602	2	7	43
604	2	2	151
603	3	3	67
606	2	3	101
607	607
608	2	2	2	2	2	19
609	3	7	29
610	2	5	61
612	2	2	3	3	17
611	13	47
613	613
614	2	307
617	617
616	2	2	2	7	11
618	2	3	103
615	3	5	41
619	619
620	2	2	5	31
623	7	89
621	3	3	3	23
624	2	2	2	2	3	13
625	5	5	5	5
622	2	311
626	2	313
628	2	2	157
627	3	11	19
630	2	3	3	5	7
631	631
629	17	37
632	2	2	2	79
633	3	211
635	5	127
638	2	11	29
634	2	317
637	7	7	13
636	2	2	3	53
639	3	3	71
640	2	2	2	2	2	2	2	5
641	641
642	2	3	107
644	2	2	7	23
646	2	17	19
647	647
645	3	5	43
648	2	2	2	3	3	3	3
649	11	59
643	643
650	2	5	5	13
652	2	2	163
653	653
651	3	7	31
654	2	3	109
655	5	131
659	659
658	2	7	47
656	2	2	2	2	41
657	3	3	73
661	661
660	2	2	3	5	11
664	2	2	2	83
663	3	13	17
665	5	7	19
667	23	29
668	2	2	167
666	2	3	3	37
671	11	61
670	2	5	67
669	3	223
662	2	331
674	2	337
673	673
672	2	2	2	2	2	3	7
676	2	2	13	13
678	2	3	113
679	7	97
677	677
682	2	11	31
675	3	3	3	5	5
681	3	227
684	2	2	3	3	19
685	5	137
680	2	2	2	5	17
686	2	7	7	7
687	3	229
688	2	2	2	2	43
683	683
689	13	53
691	691
692	2	2	173
694	2	347
695	5	139
696	2	2	2	3	29
697	17	41
693	3	3	7	11
690	2	3	5	23
699	3	233
701	701
702	2	3	3	3	13
700	2	2	5	5	7
704	2	2	2	2	2	2	11
706	2	353
698	2	349
707	7	101
705	3	5	47
709	709
710	2	5	71
703	19	37
708	2	2	3	59
711	3	3	79
715	5	11	13
712	2	2	2	89
717	3	239
714	2	3	7	17
716	2	2	179
713	23	31
720	2	2	2	2	3	3	5
718	2	359
719	719
721	7	103
723	3	241
722	2	19	19
726	2	3	11	11
725	5	5	29
727	727
728	2	2	2	7	13
729	3	3	3	3	3	3
731	17	43
730	2	5	73
733	733
732	2	2	3	61
734	2	367
735	3	5	7	7
736	2	2	2	2	2	23
724	2	2	181
737	11	67
738	2	3	3	41
739	739
740	2	2	5	37
743	743
744	2	2	2	3	31
745	5	149
741	3	13	19
747	3	3	83
746	2	373
742	2	7	53
748	2	2	11	17
750	2	3	5	5	5
753	3	251
751	751
754	2	13	29
755	5	151
752	2	2	2	2	47
756	2	2	3	3	3	7
757	757
749	7	107
758	2	379
760	2	2	2	5	19
762	2	3	127
763	7	109
765	3	3	5	17
761	761
764	2	2	191
766	2	383
769	769
770	2	5	7	11
768	2	2	2	2	2	2	2	2	3
759	3	11	23
767	13	59
771	3	257
773	773
772	2	2	193
776	2	2	2	97
774	2	3	3	43
777	3	7	37
778	2	389
779	19	41
775	5	5	31
781	11	71
782	2	17	23
783	3	3	3	29
785	5	157
780	2	2	3	5	13
784	2	2	2	2	7	7
786	2	3	131
787	787
789	3	263
791	7	113
788	2	2	197
792	2	2	2	3	3	11
794	2	397
790	2	5	79
795	3	5	53
796	2	2	199
797	797
800	2	2	2	2	2	5	5
799	17	47
793	13	61
802	2	401
801	3	3	89
803	11	73
798	2	3	7	19
805	5	7	23
806	2	13	31
807	3	269
804	2	2	3	67
810	2	3	3	3	3	5
808	2	2	2	101
809	809
811	811
815	5	163
816	2	2	2	2	3	17
813	3	271
817	19	43
812	2	2	7	29
814	2	11	37
818	2	409
823	823
820	2	2	5	41
819	3	3	7	13
821	821
824	2	2	2	103
825	3	5	5	11
822	2	3	137
827	827
828	2	2	3	3	23
829	829
832	2	2	2	2	2	2	13
826	2	7	59
833	7	7	17
831	3	277
834	2	3	139
830	2	5	83
836	2	2	11	19
838	2	419
837	3	3	3	31
835	5	167
839	839
840	2	2	2	3	5	7
841	29	29
842	2	421
844	2	2	211
843	3	281
846	2	3	3	47
847	7	11	11
849	3	283
848	2	2	2	2	53
850	2	5	5	17
845	5	13	13
851	23	37
852	2	2	3	71
854	2	7	61
853	853
855	3	3	5	19
856	2	2	2	107
857	857
859	859
860	2	2	5	43
861	3	7	41
863	863
862	2	431
858	2	3	11	13
864	2	2	2	2	2	3	3	3
866	2	433
868	2	2	7	31
865	5	173
869	11	79
867	3	17	17
871	13	67
874	2	19	23
873	3	3	97
872	2	2	2	109
870	2	3	5	29
876	2	2	3	73
877	877
878	2	439
880	2	2	2	2	5	11
879	3	293
875	5	5	5	7
882	2	3	3	7	7
881	881
885	3	5	59
883	883
886	2	443
888	2	2	2	3	37
887	887
884	2	2	13	17
889	7	127
891	3	3	3	3	11
890	2	5	89
892	2	2	223
893	19	47
894	2	3	149
896	2	2	2	2	2	2	2	7
895	5	179
899	29	31
898	2	449
900	2	2	3	3	5	5
901	17	53
897	3	13	23
902	2	11	41
903	3	7	43
904	2	2	2	113
907	907
906	2	3	151
908	2	2	227
905	5	181
909	3	3	101
910	2	5	7	13
912	2	2	2	2	3	19
911	911
913	11	83
916	2	2	229
917	7	131
914	2	457
919	919
920	2	2	2	5	23
915	3	5	61
918	2	3	3	3	17
921	3	307
922	2	461
924	2	2	3	7	11
925	5	5	37
923	13	71
926	2	463
928	2	2	2	2	2	29
930	2	3	5	31
927	3	3	103
931	7	7	19
932	2	2	233
934	2	467
929	929
933	3	311
936	2	2	2	3	3	13
935	5	11	17
938	2	7	67
937	937
941	941
942	2	3	157
943	23	41
944	2	2	2	2	59
939	3	313
945	3	3	3	5	7
947	947
946	2	11	43
940	2	2	5	47
948	2	2	3	79
949	13	73
952	2	2	2	7	17
953	953
954	2	3	3	53
955	5	191
956	2	2	239
950	2	5	5	19
957	3	11	29
951	3	317
959	7	137
958	2	479
962	2	13	37
961	31	31
960	2	2	2	2	2	2	3	5
963	3	3	107
964	2	2	241
966	2	3	7	23
965	5	193
970	2	5	97
967	967
969	3	17	19
971	971
968	2	2	2	11	11
972	2	2	3	3	3	3	3
973	7	139
975	3	5	5	13
976	2	2	2	2	61
974	2	487
977	977
978	2	3	163
979	11	89
980	2	2	5	7	7
982	2	491
983	983
984	2	2	2	3	41
981	3	3	109
985	5	197
986	2	17	29
987	3	7	47
990	2	3	3	5	11
988	2	2	13	19
992	2	2	2	2	2	31
991	991
993	3	331
989	23	43
994	2	7	71
995	5	199
998	2	499
996	2	2	3	83
997	997
1001	7	11	13
1002	2	3	167
999	3	3	3	37
1003	17	59
1000	2	2	2	5	5	5
1004	2	2	251
1008	2	2	2	2	3	3	7
1009	1009
1006	2	503
1010	2	5	101
1007	19	53
1005	3	5	67
1011	3	337
1014	2	3	13	13
1013	1013
1012	2	2	11	23
1015	5	7	29
1016	2	2	2	127
1019	1019
1018	2	509
1017	3	3	113
1021	1021
1022	2	7	73
1023	3	11	31
1024	2	2	2	2	2	2	2	2	2	2
1025	5	5	41
1020	2	2	3	5	17
1026	2	3	3	3	19
1027	13	79
1030	2	5	103
1031	1031
1028	2	2	257
1029	3	7	7	7
1032	2	2	2	3	43
1036	2	2	7	37
1034	2	11	47
1035	3	3	5	23
1033	1033
1037	17	61
1039	1039
1040	2	2	2	2	5	13
1038	2	3	173
1042	2	521
1044	2	2	3	3	29
1045	5	11	19
1041	3	347
1046	2	523
1043	7	149
1047	3	349
1051	1051
1049	1049
1053	3	3	3	3	13
1050	2	3	5	5	7
1048	2	2	2	131
1055	5	211
1056	2	2	2	2	2	3	11
1057	7	151
1054	2	17	31
1052	2	2	263
1058	2	23	23
1060	2	2	5	53
1061	1061
1059	3	353
1064	2	2	2	7	19
1062	2	3	3	59
1066	2	13	41
1065	3	5	71
1067	11	97
1063	1063
1068	2	2	3	89
1069	1069
1072	2	2	2	2	67
1071	3	3	7	17
1070	2	5	107
1074	2	3	179
1073	29	37
1075	5	5	43
1078	2	7	7	11
1077	3	359
1081	23	47
1079	13	83
1080	2	2	2	3	3	3	5
1076	2	2	269
1082	2	541
1085	5	7	31
1086	2	3	181
1084	2	2	271
1083	3	19	19
1087	1087
1088	2	2	2	2	2	2	17
1092	2	2	3	7	13
1090	2	5	109
1091	1091
1089	3	3	11	11
1093	1093
1094	2	547
1095	3	5	73
1098	2	3	3	61
1096	2	2	2	137
1097	1097
1099	7	157
1100	2	2	5	5	11
1102	2	19	29
1104	2	2	2	2	3	23
1101	3	367
1105	5	13	17
1103	1103
1107	3	3	3	41
1108	2	2	277
1106	2	7	79
1111	11	101
1109	1109
1112	2	2	2	139
1110	2	3	5	37
1116	2	2	3	3	31
1113	3	7	53
1114	2	557
1118	2	13	43
1120	2	2	2	2	2	5	7
1115	5	223
1117	1117
1121	19	59
1119	3	373
1122	2	3	11	17
1124	2	2	281
1123	1123
1126	2	563
1125	3	3	5	5	5
1128	2	2	2	3	47
1129	1129
1127	7	7	23
1131	3	13	29
1130	2	5	113
1132	2	2	283
1134	2	3	3	3	3	7
1133	11	103
1135	5	227
1136	2	2	2	2	71
1138	2	569
1137	3	379
1139	17	67
1140	2	2	3	5	19
1143	3	3	127
1142	2	571
1141	7	163
1145	5	229
1146	2	3	191
1148	2	2	7	41
1149	3	383
1147	31	37
1144	2	2	2	11	13
1150	2	5	5	23
1154	2	577
1153	1153
1152	2	2	2	2	2	2	2	3	3
1155	3	5	7	11
1151	1151
1157	13	89
1156	2	2	17	17
1158	2	3	193
1161	3	3	3	43
1163	1163
1162	2	7	83
1164	2	2	3	97
1159	19	61
1165	5	233
1160	2	2	2	5	29
1167	3	389
1169	7	167
1171	1171
1168	2	2	2	2	73
1172	2	2	293
1166	2	11	53
1173	3	17	23
1170	2	3	3	5	13
1175	5	5	47
1174	2	587
1177	11	107
1179	3	3	131
1178	2	19	31
1181	1181
1182	2	3	197
1180	2	2	5	59
1184	2	2	2	2	2	37
1185	3	5	79
1176	2	2	2	3	7	7
1188	2	2	3	3	3	11
1187	1187
1190	2	5	7	17
1191	3	397
1192	2	2	2	149
1186	2	593
1189	29	41
1183	7	13	13
1193	1193
1194	2	3	199
1198	2	599
1199	11	109
1195	5	239
1196	2	2	13	23
1200	2	2	2	2	3	5	5
1201	1201
1197	3	3	7	19
1202	2	601
1204	2	2	7	43
1205	5	241
1203	3	401
1207	17	71
1208	2	2	2	151
1209	3	13	31
1206	2	3	3	67
1211	7	173
1212	2	2	3	101
1213	1213
1210	2	5	11	11
1216	2	2	2	2	2	2	19
1217	1217
1215	3	3	3	3	3	5
1214	2	607
1220	2	2	5	61
1218	2	3	7	29
1221	3	11	37
1219	23	53
1223	1223
1226	2	613
1224	2	2	2	3	3	17
1227	3	409
1222	2	13	47
1228	2	2	307
1229	1229
1230	2	3	5	41
1232	2	2	2	2	7	11
1231	1231
1225	5	5	7	7
1234	2	617
1235	5	13	19
1233	3	3	137
1236	2	2	3	103
1238	2	619
1239	3	7	59
1240	2	2	2	5	31
1241	17	73
1243	11	113
1237	1237
1244	2	2	311
1246	2	7	89
1242	2	3	3	3	23
1245	3	5	83
1247	29	43
1251	3	3	139
1250	2	5	5	5	5
1248	2	2	2	2	2	3	13
1252	2	2	313
1253	7	179
1249	1249
1257	3	419
1254	2	3	11	19
1255	5	251
1256	2	2	2	157
1259	1259
1258	2	17	37
1260	2	2	3	3	5	7
1261	13	97
1263	3	421
1264	2	2	2	2	79
1262	2	631
1265	5	11	23
1267	7	181
1266	2	3	211
1268	2	2	317
1270	2	5	127
1271	31	41
1272	2	2	2	3	53
1269	3	3	3	47
1275	3	5	5	17
1273	19	67
1278	2	3	3	71
1277	1277
1276	2	2	11	29
1279	1279
1274	2	7	7	13
1280	2	2	2	2	2	2	2	2	5
1281	3	7	61
1282	2	641
1284	2	2	3	107
1285	5	257
1283	1283
1286	2	643
1287	3	3	11	13
1288	2	2	2	7	23
1289	1289
1290	2	3	5	43
1292	2	2	17	19
1293	3	431
1291	1291
1294	2	647
1296	2	2	2	2	3	3	3	3
1295	5	7	37
1299	3	433
1300	2	2	5	5	13
1301	1301
1297	1297
1298	2	11	59
1302	2	3	7	31
1303	1303
1305	3	3	5	29
1307	1307
1309	7	11	17
1304	2	2	2	163
1306	2	653
1310	2	5	131
1308	2	2	3	109
1314	2	3	3	73
1312	2	2	2	2	2	41
1311	3	19	23
1316	2	2	7	47
1313	13	101
1319	1319
1320	2	2	2	3	5	11
1318	2	659
1321	1321
1315	5	263
1317	3	439
1323	3	3	3	7	7
1324	2	2	331
1325	5	5	53
1328	2	2	2	2	83
1326	2	3	13	17
1322	2	661
1330	2	5	7	19
1329	3	443
1327	1327
1332	2	2	3	3	37
1331	11	11	11
1334	2	23	29
1333	31	43
1335	3	5	89
1337	7	191
1339	13	103
1338	2	3	223
1341	3	3	149
1336	2	2	2	167
1342	2	11	61
1344	2	2	2	2	2	2	3	7
1343	17	79
1340	2	2	5	67
1347	3	449
1346	2	673
1348	2	2	337
1345	5	269
1350	2	3	3	3	5	5
1352	2	2	2	13	13
1351	7	193
1349	19	71
1354	2	677
1355	5	271
1356	2	2	3	113
1353	3	11	41
1358	2	7	97
1360	2	2	2	2	5	17
1359	3	3	151
1357	23	59
1362	2	3	227
1363	29	47
1364	2	2	11	31
1366	2	683
1365	3	5	7	13
1361	1361
1368	2	2	2	3	3	19
1369	37	37
1367	1367
1370	2	5	137
1373	1373
1372	2	2	7	7	7
1374	2	3	229
1371	3	457
1376	2	2	2	2	2	43
1375	5	5	5	11
1377	3	3	3	3	17
1378	2	13	53
1380	2	2	3	5	23
1382	2	691
1379	7	197
1383	3	461
1384	2	2	2	173
1385	5	277
1387	19	73
1388	2	2	347
1386	2	3	3	7	11
1389	3	463
1381	1381
1391	13	107
1392	2	2	2	2	3	29
1390	2	5	139
1394	2	17	41
1393	7	199
1395	3	3	5	31
1397	11	127
1396	2	2	349
1399	1399
1400	2	2	2	5	5	7
1398	2	3	233
1403	23	61
1404	2	2	3	3	3	13
1405	5	281
1407	3	7	67
1401	3	467
1406	2	19	37
1402	2	701
1410	2	3	5	47
1408	2	2	2	2	2	2	2	11
1411	17	83
1409	1409
1414	2	7	101
1415	5	283
1416	2	2	2	3	59
1413	3	3	157
1417	13	109
1418	2	709
1419	3	11	43
1412	2	2	353
1420	2	2	5	71
1421	7	7	29
1423	1423
1422	2	3	3	79
1424	2	2	2	2	89
1426	2	23	31
1428	2	2	3	7	17
1427	1427
1430	2	5	11	13
1429	1429
1425	3	5	5	19
1431	3	3	3	53
1432	2	2	2	179
1433	1433
1436	2	2	359
1434	2	3	239
1438	2	719
1439	1439
1441	11	131
1442	2	7	103
1435	5	7	41
1437	3	479
1443	3	13	37
1440	2	2	2	2	2	3	3	5
1444	2	2	19	19
1446	2	3	241
1445	5	17	17
1449	3	3	7	23
1448	2	2	2	181
1447	1447
1450	2	5	5	29
1452	2	2	3	11	11
1451	1451
1453	1453
1456	2	2	2	2	7	13
1454	2	727
1455	3	5	97
1459	1459
1457	31	47
1458	2	3	3	3	3	3	3
1462	2	17	43
1460	2	2	5	73
1464	2	2	2	3	61
1463	7	11	19
1466	2	733
1461	3	487
1467	3	3	163
1465	5	293
1470	2	3	5	7	7
1469	13	113
1472	2	2	2	2	2	2	23
1471	1471
1473	3	491
1474	2	11	67
1468	2	2	367
1476	2	2	3	3	41
1475	5	5	59
1477	7	211
1478	2	739
1479	3	17	29
1480	2	2	2	5	37
1481	1481
1482	2	3	13	19
1485	3	3	3	5	11
1483	1483
1484	2	2	7	53
1486	2	743
1487	1487
1488	2	2	2	2	3	31
1490	2	5	149
1489	1489
1491	3	7	71
1492	2	2	373
1493	1493
1494	2	3	3	83
1495	5	13	23
1496	2	2	2	11	17
1497	3	499
1498	2	7	107
1500	2	2	3	5	5	5
1502	2	751
1499	1499
1501	19	79
1503	3	3	167
1504	2	2	2	2	2	47
1505	5	7	43
1507	11	137
1508	2	2	13	29
1506	2	3	251
1510	2	5	151
1509	3	503
1512	2	2	2	3	3	3	7
1511	1511
1514	2	757
1513	17	89
1515	3	5	101
1516	2	2	379
1519	7	7	31
1517	37	41
1518	2	3	11	23
1521	3	3	13	13
1520	2	2	2	2	5	19
1524	2	2	3	127
1522	2	761
1523	1523
1527	3	509
1526	2	7	109
1525	5	5	61
1529	11	139
1531	1531
1532	2	2	383
1530	2	3	3	5	17
1528	2	2	2	191
1535	5	307
1534	2	13	59
1537	29	53
1536	2	2	2	2	2	2	2	2	2	3
1538	2	769
1540	2	2	5	7	11
1533	3	7	73
1539	3	3	3	3	19
1541	23	67
1542	2	3	257
1544	2	2	2	193
1545	3	5	103
1548	2	2	3	3	43
1547	7	13	17
1546	2	773
1543	1543
1549	1549
1550	2	5	5	31
1551	3	11	47
1552	2	2	2	2	97
1554	2	3	7	37
1553	1553
1555	5	311
1556	2	2	389
1559	1559
1557	3	3	173
1560	2	2	2	3	5	13
1558	2	19	41
1562	2	11	71
1561	7	223
1564	2	2	17	23
1563	3	521
1566	2	3	3	3	29
1568	2	2	2	2	2	7	7
1567	1567
1570	2	5	157
1565	5	313
1569	3	523
1571	1571
1574	2	787
1575	3	3	5	5	7
1573	11	11	13
1577	19	83
1576	2	2	2	197
1572	2	2	3	131
1579	1579
1581	3	17	31
1580	2	2	5	79
1578	2	3	263
1583	1583
1584	2	2	2	2	3	3	11
1582	2	7	113
1585	5	317
1586	2	13	61
1589	7	227
1587	3	23	23
1590	2	3	5	53
1588	2	2	397
1593	3	3	3	59
1592	2	2	2	199
1594	2	797
1595	5	11	29
1596	2	2	3	7	19
1591	37	43
1598	2	17	47
1597	1597
1599	3	13	41
1600	2	2	2	2	2	2	5	5
1603	7	229
1605	3	5	107
1604	2	2	401
1602	2	3	3	89
1606	2	11	73
1601	1601
1607	1607
1609	1609
1610	2	5	7	23
1611	3	3	179
1612	2	2	13	31
1615	5	17	19
1608	2	2	2	3	67
1616	2	2	2	2	101
1614	2	3	269
1613	1613
1619	1619
1618	2	809
1620	2	2	3	3	3	3	5
1617	3	7	7	11
1621	1621
1622	2	811
1624	2	2	2	7	29
1626	2	3	271
1628	2	2	11	37
1623	3	541
1629	3	3	181
1625	5	5	5	13
1631	7	233
1630	2	5	163
1627	1627
1633	23	71
1632	2	2	2	2	2	3	17
1637	1637
1635	3	5	109
1638	2	3	3	7	13
1636	2	2	409
1634	2	19	43
1639	11	149
1641	3	547
1643	31	53
1642	2	821
1640	2	2	2	5	41
1644	2	2	3	137
1646	2	823
1648	2	2	2	2	103
1647	3	3	3	61
1649	17	97
1645	5	7	47
1651	13	127
1652	2	2	7	59
1653	3	19	29
1650	2	3	5	5	11
1655	5	331
1657	1657
1656	2	2	2	3	3	23
1654	2	827
1658	2	829
1659	3	7	79
1662	2	3	277
1660	2	2	5	83
1663	1663
1661	11	151
1666	2	7	7	17
1667	1667
1668	2	2	3	139
1664	2	2	2	2	2	2	2	13
1665	3	3	5	37
1670	2	5	167
1669	1669
1671	3	557
1673	7	239
1674	2	3	3	3	31
1676	2	2	419
1672	2	2	2	11	19
1675	5	5	67
1678	2	839
1677	3	13	43
1679	23	73
1681	41	41
1680	2	2	2	2	3	5	7
1682	2	29	29
1683	3	3	11	17
1684	2	2	421
1688	2	2	2	211
1687	7	241
1685	5	337
1690	2	5	13	13
1689	3	563
1691	19	89
1686	2	3	281
1693	1693
1692	2	2	3	3	47
1695	3	5	113
1694	2	7	11	11
1697	1697
1696	2	2	2	2	2	53
1700	2	2	5	5	17
1698	2	3	283
1702	2	23	37
1701	3	3	3	3	3	7
1703	13	131
1704	2	2	2	3	71
1705	5	11	31
1699	1699
1707	3	569
1706	2	853
1709	1709
1711	29	59
1708	2	2	7	61
1712	2	2	2	2	107
1714	2	857
1710	2	3	3	5	19
1716	2	2	3	11	13
1713	3	571
1715	5	7	7	7
1719	3	3	191
1720	2	2	2	5	43
1717	17	101
1721	1721
1718	2	859
1722	2	3	7	41
1725	3	5	5	23
1724	2	2	431
1726	2	863
1723	1723
1727	11	157
1729	7	13	19
1731	3	577
1732	2	2	433
1730	2	5	173
1734	2	3	17	17
1728	2	2	2	2	2	2	3	3	3
1733	1733
1735	5	347
1737	3	3	193
1736	2	2	2	7	31
1739	37	47
1740	2	2	3	5	29
1738	2	11	79
1741	1741
1743	3	7	83
1742	2	13	67
1745	5	349
1746	2	3	3	97
1744	2	2	2	2	109
1749	3	11	53
1748	2	2	19	23
1750	2	5	5	5	7
1752	2	2	2	3	73
1753	1753
1754	2	877
1747	1747
1751	17	103
1756	2	2	439
1757	7	251
1755	3	3	3	5	13
1759	1759
1761	3	587
1758	2	3	293
1760	2	2	2	2	2	5	11
1764	2	2	3	3	7	7
1763	41	43
1765	5	353
1766	2	883
1767	3	19	31
1762	2	881
1769	29	61
1768	2	2	2	13	17
1770	2	3	5	59
1773	3	3	197
1774	2	887
1775	5	5	71
1772	2	2	443
1776	2	2	2	2	3	37
1771	7	11	23
1777	1777
1778	2	7	127
1779	3	593
1781	13	137
1780	2	2	5	89
1783	1783
1784	2	2	2	223
1782	2	3	3	3	3	11
1786	2	19	47
1785	3	5	7	17
1787	1787
1791	3	3	199
1789	1789
1788	2	2	3	149
1792	2	2	2	2	2	2	2	2	7
1793	11	163
1795	5	359
1790	2	5	179
1796	2	2	449
1794	2	3	13	23
1798	2	29	31
1797	3	599
1802	2	17	53
1799	7	257
1800	2	2	2	3	3	5	5
1803	3	601
1804	2	2	11	41
1801	1801
1806	2	3	7	43
1805	5	19	19
1808	2	2	2	2	113
1807	13	139
1809	3	3	3	67
1810	2	5	181
1811	1811
1812	2	2	3	151
1813	7	7	37
1814	2	907
1816	2	2	2	227
1817	23	79
1818	2	3	3	101
1819	17	107
1815	3	5	11	11
1820	2	2	5	7	13
1821	3	607
1823	1823
1825	5	5	73
1824	2	2	2	2	2	3	19
1826	2	11	83
1827	3	3	7	29
1822	2	911
1830	2	3	5	61
1828	2	2	457
1829	31	59
1831	1831
1833	3	13	47
1835	5	367
1832	2	2	2	229
1837	11	167
1836	2	2	3	3	3	17
1839	3	613
1834	2	7	131
1838	2	919
1840	2	2	2	2	5	23
1841	7	263
1842	2	3	307
1845	3	3	5	41
1846	2	13	71
1843	19	97
1844	2	2	461
1847	1847
1848	2	2	2	3	7	11
1852	2	2	463
1851	3	617
1849	43	43
1854	2	3	3	103
1853	17	109
1855	5	7	53
1856	2	2	2	2	2	2	29
1850	2	5	5	37
1857	3	619
1858	2	929
1860	2	2	3	5	31
1863	3	3	3	3	23
1859	11	13	13
1862	2	7	7	19
1861	1861
1865	5	373
1864	2	2	2	233
1868	2	2	467
1869	3	7	89
1870	2	5	11	17
1872	2	2	2	2	3	3	13
1867	1867
1871	1871
1866	2	3	311
1873	1873
1876	2	2	7	67
1875	3	5	5	5	5
1874	2	937
1877	1877
1878	2	3	313
1882	2	941
1879	1879
1881	3	3	11	19
1883	7	269
1880	2	2	2	5	47
1885	5	13	29
1884	2	2	3	157
1887	3	17	37
1888	2	2	2	2	2	59
1886	2	23	41
1891	31	61
1892	2	2	11	43
1893	3	631
1889	1889
1890	2	3	3	3	5	7
1894	2	947
1895	5	379
1897	7	271
1899	3	3	211
1900	2	2	5	5	19
1901	1901
1896	2	2	2	3	79
1898	2	13	73
1905	3	5	127
1904	2	2	2	2	7	17
1902	2	3	317
1903	11	173
1908	2	2	3	3	53
1906	2	953
1910	2	5	191
1911	3	7	7	13
1907	1907
1909	23	83
1913	1913
1915	5	383
1912	2	2	2	239
1918	2	7	137
1914	2	3	11	29
1919	19	101
1920	2	2	2	2	2	2	2	3	5
1917	3	3	3	71
1922	2	31	31
1921	17	113
1916	2	2	479
1923	3	641
1924	2	2	13	37
1928	2	2	2	241
1926	2	3	3	107
1929	3	643
1930	2	5	193
1925	5	5	7	11
1931	1931
1932	2	2	3	7	23
1933	1933
1934	2	967
1935	3	3	5	43
1936	2	2	2	2	11	11
1927	41	47
1938	2	3	17	19
1937	13	149
1939	7	277
1941	3	647
1942	2	971
1940	2	2	5	97
1945	5	389
1944	2	2	2	3	3	3	3	3
1943	29	67
1946	2	7	139
1948	2	2	487
1949	1949
1947	3	11	59
1951	1951
1952	2	2	2	2	2	61
1953	3	3	7	31
1955	5	17	23
1950	2	3	5	5	13
1954	2	977
1957	19	103
1958	2	11	89
1959	3	653
1956	2	2	3	163
1960	2	2	2	5	7	7
1962	2	3	3	109
1963	13	151
1965	3	5	131
1966	2	983
1961	37	53
1968	2	2	2	2	3	41
1969	11	179
1964	2	2	491
1967	7	281
1970	2	5	197
1971	3	3	3	73
1972	2	2	17	29
1973	1973
1974	2	3	7	47
1977	3	659
1978	2	23	43
1975	5	5	79
1976	2	2	2	13	19
1979	1979
1982	2	991
1981	7	283
1983	3	661
1984	2	2	2	2	2	2	31
1985	5	397
1980	2	2	3	3	5	11
1986	2	3	331
1987	1987
1989	3	3	13	17
1990	2	5	199
1992	2	2	2	3	83
1991	11	181
1988	2	2	7	71
1993	1993
1994	2	997
1995	3	5	7	19
1997	1997
1998	2	3	3	3	37
1996	2	2	499
1999	1999
2001	3	23	29
2000	2	2	2	2	5	5	5
2004	2	2	3	167
2002	2	7	11	13
2005	5	401
2003	2003
2007	3	3	223
2008	2	2	2	251
2009	7	7	41
2006	2	17	59
2011	2011
2010	2	3	5	67
2013	3	11	61
2014	2	19	53
2016	2	2	2	2	2	3	3	7
2015	5	13	31
2018	2	1009
2017	2017
2012	2	2	503
2021	43	47
2022	2	3	337
2019	3	673
2024	2	2	2	11	23
2023	7	17	17
2026	2	1013
2020	2	2	5	101
2025	3	3	3	3	5	5
2030	2	5	7	29
2029	2029
2027	2027
2032	2	2	2	2	127
2028	2	2	3	13	13
2033	19	107
2034	2	3	3	113
2036	2	2	509
2035	5	11	37
2037	3	7	97
2038	2	1019
2039	2039
2031	3	677
2042	2	1021
2040	2	2	2	3	5	17
2041	13	157
2043	3	3	227
2045	5	409
2044	2	2	7	73
2047	23	89
2048	2	2	2	2	2	2	2	2	2	2	2
2049	3	683
2046	2	3	11	31
2051	7	293
2053	2053
2052	2	2	3	3	3	19
2054	2	13	79
2050	2	5	5	41
2055	3	5	137
2057	11	11	17
2058	2	3	7	7	7
2059	29	71
2061	3	3	229
2056	2	2	2	257
2060	2	2	5	103
2062	2	1031
2063	2063
2066	2	1033
2067	3	13	53
2065	5	7	59
2068	2	2	11	47
2064	2	2	2	2	3	43
2071	19	109
2070	2	3	3	5	23
2069	2069
2073	3	691
2075	5	5	83
2072	2	2	2	7	37
2074	2	17	61
2077	31	67
2078	2	1039
2076	2	2	3	173
2079	3	3	3	7	11
2080	2	2	2	2	2	5	13
2083	2083
2081	2081
2084	2	2	521
2082	2	3	347
2085	3	5	139
2086	2	7	149
2091	3	17	41
2088	2	2	2	3	3	29
2090	2	5	11	19
2089	2089
2087	2087
2093	7	13	23
2092	2	2	523
2094	2	3	349
2095	5	419
2096	2	2	2	2	131
2097	3	3	233
2098	2	1049
2099	2099
2100	2	2	3	5	5	7
2101	11	191
2105	5	421
2103	3	701
2106	2	3	3	3	3	13
2104	2	2	2	263
2102	2	1051
2107	7	7	43
2110	2	5	211
2108	2	2	17	31
2112	2	2	2	2	2	2	3	11
2109	3	19	37
2111	2111
2114	2	7	151
2113	2113
2116	2	2	23	23
2115	3	3	5	47
2117	29	73
2118	2	3	353
2121	3	7	101
2119	13	163
2122	2	1061
2124	2	2	3	3	59
2120	2	2	2	5	53
2123	11	193
2126	2	1063
2129	2129
2127	3	709
2125	5	5	5	17
2128	2	2	2	2	7	19
2131	2131
2130	2	3	5	71
2132	2	2	13	41
2133	3	3	3	79
2134	2	11	97
2135	5	7	61
2138	2	1069
2137	2137
2136	2	2	2	3	89
2139	3	23	31
2140	2	2	5	107
2144	2	2	2	2	2	67
2141	2141
2145	3	5	11	13
2143	2143
2142	2	3	3	7	17
2146	2	29	37
2147	19	113
2150	2	5	5	43
2152	2	2	2	269
2148	2	2	3	179
2151	3	3	239
2149	7	307
2153	2153
2155	5	431
2157	3	719
2154	2	3	359
2156	2	2	7	7	11
2158	2	13	83
2159	17	127
2160	2	2	2	2	3	3	3	5
2162	2	23	47
2163	3	7	103
2161	2161
2164	2	2	541
2168	2	2	2	271
2165	5	433
2167	11	197
2166	2	3	19	19
2169	3	3	241
2170	2	5	7	31
2173	41	53
2172	2	2	3	181
2171	13	167
2177	7	311
2174	2	1087
2176	2	2	2	2	2	2	2	17
2178	2	3	3	11	11
2180	2	2	5	109
2182	2	1091
2179	2179
2181	3	727
2175	3	5	5	29
2184	2	2	2	3	7	13
2183	37	59
2185	5	19	23
2187	3	3	3	3	3	3	3
2188	2	2	547
2189	11	199
2186	2	1093
2191	7	313
2192	2	2	2	2	137
2194	2	1097
2190	2	3	5	73
2193	3	17	43
2196	2	2	3	3	61
2198	2	7	157
2197	13	13	13
2195	5	439
2199	3	733
2203	2203
2200	2	2	2	5	5	11
2201	31	71
2206	2	1103
2202	2	3	367
2204	2	2	19	29
2207	2207
2208	2	2	2	2	2	3	23
2205	3	3	5	7	7
2210	2	5	13	17
2212	2	2	7	79
2209	47	47
2211	3	11	67
2214	2	3	3	3	41
2215	5	443
2217	3	739
2216	2	2	2	277
2218	2	1109
2220	2	2	3	5	37
2213	2213
2221	2221
2222	2	11	101
2219	7	317
2224	2	2	2	2	139
2225	5	5	89
2226	2	3	7	53
2223	3	3	13	19
2227	17	131
2229	3	743
2228	2	2	557
2230	2	5	223
2231	23	97
2233	7	11	29
2232	2	2	2	3	3	31
2234	2	1117
2235	3	5	149
2236	2	2	13	43
2239	2239
2237	2237
2238	2	3	373
2241	3	3	3	83
2243	2243
2240	2	2	2	2	2	2	5	7
2244	2	2	3	11	17
2245	5	449
2242	2	19	59
2247	3	7	107
2246	2	1123
2249	13	173
2248	2	2	2	281
2251	2251
2252	2	2	563
2255	5	11	41
2254	2	7	7	23
2253	3	751
2250	2	3	3	5	5	5
2256	2	2	2	2	3	47
2258	2	1129
2259	3	3	251
2257	37	61
2261	7	17	19
2263	31	73
2262	2	3	13	29
2260	2	2	5	113
2264	2	2	2	283
2266	2	11	103
2267	2267
2265	3	5	151
2268	2	2	3	3	3	3	7
2271	3	757
2272	2	2	2	2	2	71
2273	2273
2269	2269
2275	5	5	7	13
2274	2	3	379
2277	3	3	11	23
2270	2	5	227
2278	2	17	67
2276	2	2	569
2279	43	53
2280	2	2	2	3	5	19
2281	2281
2282	2	7	163
2283	3	761
2285	5	457
2286	2	3	3	127
2288	2	2	2	2	11	13
2287	2287
2290	2	5	229
2289	3	7	109
2292	2	2	3	191
2284	2	2	571
2291	29	79
2294	2	31	37
2293	2293
2295	3	3	3	5	17
2297	2297
2298	2	3	383
2299	11	11	19
2300	2	2	5	5	23
2301	3	13	59
2303	7	7	47
2296	2	2	2	7	41
2304	2	2	2	2	2	2	2	2	3	3
2305	5	461
2302	2	1151
2306	2	1153
2308	2	2	577
2309	2309
2311	2311
2307	3	769
2314	2	13	89
2313	3	3	257
2312	2	2	2	17	17
2310	2	3	5	7	11
2316	2	2	3	193
2315	5	463
2318	2	19	61
2317	7	331
2320	2	2	2	2	5	29
2322	2	3	3	3	43
2319	3	773
2321	11	211
2323	23	101
2324	2	2	7	83
2325	3	5	5	31
2327	13	179
2328	2	2	2	3	97
2330	2	5	233
2329	17	137
2326	2	1163
2333	2333
2332	2	2	11	53
2331	3	3	7	37
2335	5	467
2334	2	3	389
2337	3	19	41
2336	2	2	2	2	2	73
2338	2	7	167
2339	2339
2340	2	2	3	3	5	13
2341	2341
2342	2	1171
2343	3	11	71
2344	2	2	2	293
2347	2347
2345	5	7	67
2349	3	3	3	3	29
2350	2	5	5	47
2346	2	3	17	23
2352	2	2	2	2	3	7	7
2353	13	181
2348	2	2	587
2355	3	5	157
2354	2	11	107
2356	2	2	19	31
2351	2351
2358	2	3	3	131
2360	2	2	2	5	59
2357	2357
2361	3	787
2359	7	337
2362	2	1181
2363	17	139
2365	5	11	43
2366	2	7	13	13
2367	3	3	263
2368	2	2	2	2	2	2	37
2364	2	2	3	197
2369	23	103
2370	2	3	5	79
2372	2	2	593
2373	3	7	113
2374	2	1187
2375	5	5	5	19
2376	2	2	2	3	3	3	11
2378	2	29	41
2371	2371
2377	2377
2379	3	13	61
2381	2381
2380	2	2	5	7	17
2382	2	3	397
2383	2383
2384	2	2	2	2	149
2387	7	11	31
2385	3	3	5	53
2386	2	1193
2388	2	2	3	199
2391	3	797
2392	2	2	2	13	23
2393	2393
2390	2	5	239
2394	2	3	3	7	19
2389	2389
2395	5	479
2396	2	2	599
2397	3	17	47
2400	2	2	2	2	2	3	5	5
2401	7	7	7	7
2398	2	11	109
2399	2399
2402	2	1201
2403	3	3	3	89
2404	2	2	601
2407	29	83
2406	2	3	401
2405	5	13	37
2409	3	11	73
2408	2	2	2	7	43
2412	2	2	3	3	67
2410	2	5	241
2413	19	127
2411	2411
2415	3	5	7	23
2416	2	2	2	2	151
2418	2	3	13	31
2419	41	59
2414	2	17	71
2420	2	2	5	11	11
2417	2417
2421	3	3	269
2422	2	7	173
2423	2423
2426	2	1213
2425	5	5	97
2427	3	809
2424	2	2	2	3	101
2428	2	2	607
2430	2	3	3	3	3	3	5
2432	2	2	2	2	2	2	2	19
2429	7	347
2433	3	811
2431	11	13	17
2437	2437
2434	2	1217
2435	5	487
2436	2	2	3	7	29
2438	2	23	53
2439	3	3	271
2440	2	2	2	5	61
2443	7	349
2444	2	2	13	47
2442	2	3	11	37
2445	3	5	163
2441	2441
2447	2447
2446	2	1223
2448	2	2	2	2	3	3	17
2449	31	79
2451	3	19	43
2450	2	5	5	7	7
2453	11	223
2454	2	3	409
2455	5	491
2452	2	2	613
2456	2	2	2	307
2457	3	3	3	7	13
2458	2	1229
2459	2459
2461	23	107
2462	2	1231
2460	2	2	3	5	41
2463	3	821
2465	5	17	29
2466	2	3	3	137
2467	2467
2464	2	2	2	2	2	7	11
2470	2	5	13	19
2469	3	823
2472	2	2	2	3	103
2474	2	1237
2468	2	2	617
2473	2473
2471	7	353
2476	2	2	619
2475	3	3	5	5	11
2477	2477
2478	2	3	7	59
2479	37	67
2480	2	2	2	2	5	31
2481	3	827
2482	2	17	73
2483	13	191
2484	2	2	3	3	3	23
2488	2	2	2	311
2487	3	829
2486	2	11	113
2489	19	131
2490	2	3	5	83
2485	5	7	71
2493	3	3	277
2492	2	2	7	89
2491	47	53
2496	2	2	2	2	2	2	3	13
2495	5	499
2497	11	227
2498	2	1249
2500	2	2	5	5	5	5
2494	2	29	43
2502	2	3	3	139
2499	3	7	7	17
2504	2	2	2	313
2501	41	61
2506	2	7	179
2508	2	2	3	11	19
2507	23	109
2505	3	5	167
2503	2503
2511	3	3	3	3	31
2512	2	2	2	2	157
2510	2	5	251
2513	7	359
2509	13	193
2515	5	503
2514	2	3	419
2516	2	2	17	37
2517	3	839
2520	2	2	2	3	3	5	7
2522	2	13	97
2519	11	229
2518	2	1259
2521	2521
2525	5	5	101
2526	2	3	421
2523	3	29	29
2524	2	2	631
2528	2	2	2	2	2	79
2527	7	19	19
2529	3	3	281
2531	2531
2533	17	149
2530	2	5	11	23
2534	2	7	181
2535	3	5	13	13
2532	2	2	3	211
2537	43	59
2538	2	3	3	3	47
2536	2	2	2	317
2539	2539
2542	2	31	41
2540	2	2	5	127
2543	2543
2544	2	2	2	2	3	53
2541	3	7	11	11
2545	5	509
2547	3	3	283
2546	2	19	67
2548	2	2	7	7	13
2551	2551
2552	2	2	2	11	29
2549	2549
2550	2	3	5	5	17
2555	5	7	73
2553	3	23	37
2554	2	1277
2557	2557
2556	2	2	3	3	71
2558	2	1279
2560	2	2	2	2	2	2	2	2	2	5
2559	3	853
2562	2	3	7	61
2561	13	197
2564	2	2	641
2566	2	1283
2563	11	233
2565	3	3	3	5	19
2567	17	151
2569	7	367
2568	2	2	2	3	107
2571	3	857
2570	2	5	257
2574	2	3	3	11	13
2573	31	83
2572	2	2	643
2575	5	5	103
2577	3	859
2578	2	1289
2579	2579
2576	2	2	2	2	7	23
2580	2	2	3	5	43
2582	2	1291
2581	29	89
2585	5	11	47
2586	2	3	431
2583	3	3	7	41
2587	13	199
2584	2	2	2	17	19
2591	2591
2589	3	863
2590	2	5	7	37
2594	2	1297
2592	2	2	2	2	2	3	3	3	3
2588	2	2	647
2595	3	5	173
2597	7	7	53
2596	2	2	11	59
2598	2	3	433
2593	2593
2599	23	113
2603	19	137
2601	3	3	17	17
2600	2	2	2	5	5	13
2605	5	521
2602	2	1301
2607	3	11	79
2604	2	2	3	7	31
2609	2609
2608	2	2	2	2	163
2606	2	1303
2611	7	373
2610	2	3	3	5	29
2612	2	2	653
2613	3	13	67
2615	5	523
2614	2	1307
2616	2	2	2	3	109
2618	2	7	11	17
2617	2617
2619	3	3	3	97
2621	2621
2620	2	2	5	131
2622	2	3	19	23
2624	2	2	2	2	2	2	41
2625	3	5	5	5	7
2626	2	13	101
2627	37	71
2629	11	239
2630	2	5	263
2628	2	2	3	3	73
2623	43	61
2632	2	2	2	7	47
2631	3	877
2633	2633
2634	2	3	439
2635	5	17	31
2638	2	1319
2636	2	2	659
2637	3	3	293
2640	2	2	2	2	3	5	11
2639	7	13	29
2641	19	139
2643	3	881
2645	5	23	23
2642	2	1321
2647	2647
2644	2	2	661
2646	2	3	3	3	7	7
2648	2	2	2	331
2649	3	883
2651	11	241
2652	2	2	3	13	17
2653	7	379
2650	2	5	5	53
2654	2	1327
2657	2657
2655	3	3	5	59
2658	2	3	443
2659	2659
2660	2	2	5	7	19
2661	3	887
2663	2663
2656	2	2	2	2	2	83
2664	2	2	2	3	3	37
2665	5	13	41
2666	2	31	43
2668	2	2	23	29
2662	2	11	11	11
2669	17	157
2670	2	3	5	89
2671	2671
2667	3	7	127
2672	2	2	2	2	167
2673	3	3	3	3	3	11
2674	2	7	191
2675	5	5	107
2676	2	2	3	223
2679	3	19	47
2677	2677
2680	2	2	2	5	67
2681	7	383
2683	2683
2678	2	13	103
2684	2	2	11	61
2685	3	5	179
2682	2	3	3	149
2688	2	2	2	2	2	2	2	3	7
2686	2	17	79
2690	2	5	269
2687	2687
2689	2689
2691	3	3	13	23
2694	2	3	449
2693	2693
2695	5	7	7	11
2696	2	2	2	337
2698	2	19	71
2699	2699
2697	3	29	31
2701	37	73
2692	2	2	673
2702	2	7	193
2703	3	17	53
2706	2	3	11	41
2700	2	2	3	3	3	5	5
2705	5	541
2707	2707
2708	2	2	677
2710	2	5	271
2709	3	3	7	43
2704	2	2	2	2	13	13
2713	2713
2714	2	23	59
2712	2	2	2	3	113
2711	2711
2716	2	2	7	97
2715	3	5	181
2717	11	13	19
2721	3	907
2719	2719
2718	2	3	3	151
2723	7	389
2724	2	2	3	227
2725	5	5	109
2722	2	1361
2720	2	2	2	2	2	5	17
2726	2	29	47
2727	3	3	3	101
2731	2731
2729	2729
2732	2	2	683
2730	2	3	5	7	13
2733	3	911
2728	2	2	2	11	31
2735	5	547
2734	2	1367
2736	2	2	2	2	3	3	19
2740	2	2	5	137
2737	7	17	23
2739	3	11	83
2738	2	37	37
2741	2741
2745	3	3	5	61
2742	2	3	457
2746	2	1373
2743	13	211
2744	2	2	2	7	7	7
2748	2	2	3	229
2750	2	5	5	5	11
2747	41	67
2749	2749
2752	2	2	2	2	2	2	43
2755	5	19	29
2753	2753
2751	3	7	131
2757	3	919
2754	2	3	3	3	3	17
2756	2	2	13	53
2759	31	89
2760	2	2	2	3	5	23
2761	11	251
2762	2	1381
2763	3	3	307
2765	5	7	79
2764	2	2	691
2767	2767
2766	2	3	461
2769	3	13	71
2768	2	2	2	2	173
2758	2	7	197
2770	2	5	277
2771	17	163
2774	2	19	73
2773	47	59
2776	2	2	2	347
2777	2777
2772	2	2	3	3	7	11
2775	3	5	5	37
2778	2	3	463
2781	3	3	3	103
2779	7	397
2783	11	11	23
2782	2	13	107
2785	5	557
2786	2	7	199
2787	3	929
2788	2	2	17	41
2784	2	2	2	2	2	3	29
2780	2	2	5	139
2791	2791
2789	2789
2793	3	7	7	19
2794	2	11	127
2795	5	13	43
2790	2	3	3	5	31
2792	2	2	2	349
2796	2	2	3	233
2797	2797
2798	2	1399
2800	2	2	2	2	5	5	7
2801	2801
2799	3	3	311
2805	3	5	11	17
2802	2	3	467
2804	2	2	701
2803	2803
2806	2	23	61
2807	7	401
2808	2	2	2	3	3	3	13
2809	53	53
2812	2	2	19	37
2810	2	5	281
2813	29	97
2811	3	937
2814	2	3	7	67
2816	2	2	2	2	2	2	2	2	11
2818	2	1409
2815	5	563
2820	2	2	3	5	47
2821	7	13	31
2822	2	17	83
2823	3	941
2817	3	3	313
2824	2	2	2	353
2819	2819
2826	2	3	3	157
2827	11	257
2825	5	5	113
2828	2	2	7	101
2831	19	149
2832	2	2	2	2	3	59
2830	2	5	283
2833	2833
2834	2	13	109
2835	3	3	3	3	5	7
2829	3	23	41
2836	2	2	709
2837	2837
2838	2	3	11	43
2840	2	2	2	5	71
2839	17	167
2841	3	947
2842	2	7	7	29
2844	2	2	3	3	79
2845	5	569
2843	2843
2848	2	2	2	2	2	89
2846	2	1423
2849	7	11	37
2850	2	3	5	5	19
2851	2851
2852	2	2	23	31
2853	3	3	317
2847	3	13	73
2856	2	2	2	3	7	17
2854	2	1427
2855	5	571
2858	2	1429
2857	2857
2859	3	953
2860	2	2	5	11	13
2861	2861
2864	2	2	2	2	179
2863	7	409
2865	3	5	191
2866	2	1433
2867	47	61
2862	2	3	3	3	53
2869	19	151
2870	2	5	7	41
2871	3	3	11	29
2868	2	2	3	239
2875	5	5	5	23
2872	2	2	2	359
2874	2	3	479
2877	3	7	137
2876	2	2	719
2878	2	1439
2880	2	2	2	2	2	2	3	3	5
2873	13	13	17
2879	2879
2883	3	31	31
2882	2	11	131
2884	2	2	7	103
2881	43	67
2885	5	577
2886	2	3	13	37
2889	3	3	3	107
2891	7	7	59
2892	2	2	3	241
2887	2887
2893	11	263
2888	2	2	2	19	19
2894	2	1447
2895	3	5	193
2896	2	2	2	2	181
2890	2	5	17	17
2900	2	2	5	5	29
2902	2	1451
2898	2	3	3	7	23
2899	13	223
2897	2897
2901	3	967
2903	2903
2904	2	2	2	3	11	11
2905	5	7	83
2907	3	3	17	19
2906	2	1453
2908	2	2	727
2909	2909
2911	41	71
2913	3	971
2914	2	31	47
2910	2	3	5	97
2912	2	2	2	2	2	7	13
2915	5	11	53
2916	2	2	3	3	3	3	3	3
2919	3	7	139
2918	2	1459
2917	2917
2921	23	127
2920	2	2	2	5	73
2925	3	3	5	5	13
2924	2	2	17	43
2922	2	3	487
2927	2927
2923	37	79
2929	29	101
2930	2	5	293
2926	2	7	11	19
2933	7	419
2928	2	2	2	2	3	61
2934	2	3	3	163
2931	3	977
2935	5	587
2936	2	2	2	367
2937	3	11	89
2939	2939
2932	2	2	733
2940	2	2	3	5	7	7
2942	2	1471
2941	17	173
2943	3	3	3	109
2938	2	13	113
2945	5	19	31
2944	2	2	2	2	2	2	2	23
2949	3	983
2948	2	2	11	67
2947	7	421
2946	2	3	491
2951	13	227
2950	2	5	5	59
2952	2	2	2	3	3	41
2955	3	5	197
2957	2957
2954	2	7	211
2953	2953
2956	2	2	739
2960	2	2	2	2	5	37
2958	2	3	17	29
2959	11	269
2962	2	1481
2961	3	3	7	47
2964	2	2	3	13	19
2963	2963
2965	5	593
2967	3	23	43
2968	2	2	2	7	53
2966	2	1483
2969	2969
2972	2	2	743
2970	2	3	3	3	5	11
2974	2	1487
2971	2971
2975	5	5	7	17
2976	2	2	2	2	2	3	31
2973	3	991
2977	13	229
2981	11	271
2979	3	3	331
2982	2	3	7	71
2978	2	1489
2983	19	157
2980	2	2	5	149
2985	3	5	199
2984	2	2	2	373
2986	2	1493
2990	2	5	13	23
2988	2	2	3	3	83
2989	7	7	61
2992	2	2	2	2	11	17
2987	29	103
2994	2	3	499
2991	3	997
2997	3	3	3	3	37
2996	2	2	7	107
2995	5	599
2993	41	73
2998	2	1499
3003	3	7	11	13
2999	2999
3002	2	19	79
3000	2	2	2	3	5	5	5
3001	3001
3006	2	3	3	167
3005	5	601
3004	2	2	751
3008	2	2	2	2	2	2	47
3007	31	97
3009	3	17	59
3011	3011
3010	2	5	7	43
3014	2	11	137
3012	2	2	3	251
3013	23	131
3015	3	3	5	67
3017	7	431
3019	3019
3016	2	2	2	13	29
3020	2	2	5	151
3018	2	3	503
3023	3023
3022	2	1511
3024	2	2	2	2	3	3	3	7
3025	5	5	11	11
3021	3	19	53
3026	2	17	89
3028	2	2	757
3027	3	1009
3029	13	233
3031	7	433
3032	2	2	2	379
3030	2	3	5	101
3033	3	3	337
3037	3037
3036	2	2	3	11	23
3035	5	607
3038	2	7	7	31
3040	2	2	2	2	2	5	19
3034	2	37	41
3039	3	1013
3041	3041
3042	2	3	3	13	13
3043	17	179
3046	2	1523
3045	3	5	7	29
3044	2	2	761
3047	11	277
3051	3	3	3	113
3049	3049
3050	2	5	5	61
3048	2	2	2	3	127
3052	2	2	7	109
3054	2	3	509
3055	5	13	47
3057	3	1019
3053	43	71
3059	7	19	23
3058	2	11	139
3056	2	2	2	2	191
3061	3061
3060	2	2	3	3	5	17
3064	2	2	2	383
3063	3	1021
3065	5	613
3062	2	1531
3066	2	3	7	73
3069	3	3	11	31
3067	3067
3071	37	83
3070	2	5	307
3074	2	29	53
3072	2	2	2	2	2	2	2	2	2	2	3
3073	7	439
3068	2	2	13	59
3076	2	2	769
3077	17	181
3075	3	5	5	41
3079	3079
3081	3	13	79
3080	2	2	2	5	7	11
3078	2	3	3	3	3	19
3083	3083
3082	2	23	67
3087	3	3	7	7	7
3084	2	2	3	257
3088	2	2	2	2	193
3086	2	1543
3089	3089
3085	5	617
3091	11	281
3090	2	3	5	103
3094	2	7	13	17
3093	3	1031
3095	5	619
3092	2	2	773
3098	2	1549
3100	2	2	5	5	31
3099	3	1033
3097	19	163
3101	7	443
3096	2	2	2	3	3	43
3102	2	3	11	47
3105	3	3	3	5	23
3106	2	1553
3107	13	239
3108	2	2	3	7	37
3109	3109
3110	2	5	311
3103	29	107
3111	3	17	61
3114	2	3	3	173
3104	2	2	2	2	2	97
3113	11	283
3112	2	2	2	389
3115	5	7	89
3117	3	1039
3119	3119
3118	2	1559
3116	2	2	19	41
3120	2	2	2	2	3	5	13
3121	3121
3124	2	2	11	71
3122	2	7	223
3126	2	3	521
3123	3	3	347
3125	5	5	5	5	5
3127	53	59
3130	2	5	313
3129	3	7	149
3131	31	101
3128	2	2	2	17	23
3132	2	2	3	3	3	29
3133	13	241
3135	3	5	11	19
3136	2	2	2	2	2	2	7	7
3134	2	1567
3137	3137
3140	2	2	5	157
3138	2	3	523
3141	3	3	349
3142	2	1571
3144	2	2	2	3	131
3143	7	449
3145	5	17	37
3139	43	73
3147	3	1049
3148	2	2	787
3146	2	11	11	13
3149	47	67
3150	2	3	3	5	5	7
3152	2	2	2	2	197
3151	23	137
3153	3	1051
3156	2	2	3	263
3155	5	631
3154	2	19	83
3157	7	11	41
3159	3	3	3	3	3	13
3158	2	1579
3161	29	109
3162	2	3	17	31
3160	2	2	2	5	79
3163	3163
3164	2	2	7	113
3166	2	1583
3167	3167
3169	3169
3165	3	5	211
3171	3	7	151
3170	2	5	317
3173	19	167
3168	2	2	2	2	2	3	3	11
3172	2	2	13	61
3175	5	5	127
3176	2	2	2	397
3174	2	3	23	23
3178	2	7	227
3177	3	3	353
3181	3181
3179	11	17	17
3180	2	2	3	5	53
3184	2	2	2	2	199
3182	2	37	43
3185	5	7	7	13
3183	3	1061
3186	2	3	3	3	59
3187	3187
3188	2	2	797
3189	3	1063
3191	3191
3192	2	2	2	3	7	19
3195	3	3	5	71
3190	2	5	11	29
3193	31	103
3197	23	139
3196	2	2	17	47
3194	2	1597
3199	7	457
3198	2	3	13	41
3200	2	2	2	2	2	2	2	5	5
3202	2	1601
3201	3	11	97
3203	3203
3204	2	2	3	3	89
3205	5	641
3209	3209
3208	2	2	2	401
3206	2	7	229
3210	2	3	5	107
3207	3	1069
3212	2	2	11	73
3214	2	1607
3213	3	3	3	7	17
3211	13	13	19
3215	5	643
3217	3217
3218	2	1609
3220	2	2	5	7	23
3216	2	2	2	2	3	67
3219	3	29	37
3221	3221
3222	2	3	3	179
3223	11	293
3225	3	5	5	43
3224	2	2	2	13	31
3226	2	1613
3227	7	461
3229	3229
3231	3	3	359
3230	2	5	17	19
3228	2	2	3	269
3233	53	61
3232	2	2	2	2	2	101
3236	2	2	809
3235	5	647
3237	3	13	83
3234	2	3	7	7	11
3240	2	2	2	3	3	3	3	5
3239	41	79
3238	2	1619
3241	7	463
3244	2	2	811
3242	2	1621
3245	5	11	59
3246	2	3	541
3243	3	23	47
3248	2	2	2	2	7	29
3250	2	5	5	5	13
3252	2	2	3	271
3247	17	191
3251	3251
3249	3	3	19	19
3254	2	1627
3253	3253
3257	3257
3255	3	5	7	31
3256	2	2	2	11	37
3258	2	3	3	181
3259	3259
3260	2	2	5	163
3261	3	1087
3264	2	2	2	2	2	2	3	17
3262	2	7	233
3265	5	653
3266	2	23	71
3263	13	251
3269	7	467
3270	2	3	5	109
3267	3	3	3	11	11
3271	3271
3268	2	2	19	43
3272	2	2	2	409
3274	2	1637
3277	29	113
3273	3	1091
3276	2	2	3	3	7	13
3275	5	5	131
3278	2	11	149
3281	17	193
3282	2	3	547
3280	2	2	2	2	5	41
3279	3	1093
3283	7	7	67
3285	3	3	5	73
3286	2	31	53
3288	2	2	2	3	137
3284	2	2	821
3287	19	173
3289	11	13	23
3292	2	2	823
3290	2	5	7	47
3291	3	1097
3294	2	3	3	3	61
3295	5	659
3293	37	89
3296	2	2	2	2	2	103
3299	3299
3297	3	7	157
3300	2	2	3	5	5	11
3302	2	13	127
3301	3301
3298	2	17	97
3304	2	2	2	7	59
3305	5	661
3303	3	3	367
3308	2	2	827
3307	3307
3309	3	1103
3306	2	3	19	29
3310	2	5	331
3311	7	11	43
3313	3313
3312	2	2	2	2	3	3	23
3316	2	2	829
3314	2	1657
3315	3	5	13	17
3317	31	107
3318	2	3	7	79
3319	3319
3322	2	11	151
3321	3	3	3	3	41
3325	5	5	7	19
3324	2	2	3	277
3327	3	1109
3320	2	2	2	5	83
3323	3323
3328	2	2	2	2	2	2	2	2	13
3326	2	1663
3331	3331
3332	2	2	7	7	17
3329	3329
3330	2	3	3	5	37
3333	3	11	101
3334	2	1667
3336	2	2	2	3	139
3335	5	23	29
3338	2	1669
3340	2	2	5	167
3337	47	71
3341	13	257
3339	3	3	7	53
3343	3343
3345	3	5	223
3342	2	3	557
3347	3347
3348	2	2	3	3	3	31
3344	2	2	2	2	11	19
3349	17	197
3350	2	5	5	67
3346	2	7	239
3351	3	1117
3354	2	3	13	43
3352	2	2	2	419
3357	3	3	373
3356	2	2	839
3359	3359
3355	5	11	61
3353	7	479
3358	2	23	73
3360	2	2	2	2	2	3	5	7
3361	3361
3362	2	41	41
3365	5	673
3364	2	2	29	29
3363	3	19	59
3366	2	3	3	11	17
3367	7	13	37
3370	2	5	337
3368	2	2	2	421
3372	2	2	3	281
3371	3371
3369	3	1123
3373	3373
3376	2	2	2	2	211
3374	2	7	241
3375	3	3	3	5	5	5
3380	2	2	5	13	13
3379	31	109
3377	11	307
3381	3	7	7	23
3378	2	3	563
3385	5	677
3386	2	1693
3384	2	2	2	3	3	47
3383	17	199
3382	2	19	89
3387	3	1129
3390	2	3	5	113
3389	3389
3391	3391
3388	2	2	7	11	11
3392	2	2	2	2	2	2	53
3393	3	3	13	29
3394	2	1697
3397	43	79
3398	2	1699
3396	2	2	3	283
3399	3	11	103
3395	5	7	97
3402	2	3	3	3	3	3	7
3401	19	179
3400	2	2	2	5	5	17
3403	41	83
3404	2	2	23	37
3406	2	13	131
3407	3407
3408	2	2	2	2	3	71
3409	7	487
3405	3	5	227
3410	2	5	11	31
3411	3	3	379
3412	2	2	853
3415	5	683
3413	3413
3416	2	2	2	7	61
3417	3	17	67
3414	2	3	569
3418	2	1709
3422	2	29	59
3419	13	263
3420	2	2	3	3	5	19
3423	3	7	163
3421	11	311
3424	2	2	2	2	2	107
3428	2	2	857
3426	2	3	571
3425	5	5	137
3427	23	149
3429	3	3	3	127
3430	2	5	7	7	7
3432	2	2	2	3	11	13
3431	47	73
3433	3433
3434	2	17	101
3436	2	2	859
3437	7	491
3435	3	5	229
3439	19	181
3438	2	3	3	191
3441	3	31	37
3442	2	1721
3443	11	313
3440	2	2	2	2	5	43
3444	2	2	3	7	41
3445	5	13	53
3446	2	1723
3448	2	2	2	431
3447	3	3	383
3449	3449
3450	2	3	5	5	23
3451	7	17	29
3454	2	11	157
3455	5	691
3456	2	2	2	2	2	2	2	3	3	3
3452	2	2	863
3457	3457
3453	3	1151
3459	3	1153
3460	2	2	5	173
3458	2	7	13	19
3461	3461
3462	2	3	577
3464	2	2	2	433
3463	3463
3467	3467
3465	3	3	5	7	11
3468	2	2	3	17	17
3466	2	1733
3469	3469
3471	3	13	89
3473	23	151
3472	2	2	2	2	7	31
3474	2	3	3	193
3476	2	2	11	79
3475	5	5	139
3470	2	5	347
3477	3	19	61
3478	2	37	47
3479	7	7	71
3480	2	2	2	3	5	29
3482	2	1741
3481	59	59
3485	5	17	41
3483	3	3	3	3	43
3484	2	2	13	67
3487	11	317
3486	2	3	7	83
3489	3	1163
3490	2	5	349
3488	2	2	2	2	2	109
3491	3491
3492	2	2	3	3	97
3494	2	1747
3493	7	499
3496	2	2	2	19	23
3498	2	3	11	53
3499	3499
3495	3	5	233
3497	13	269
3500	2	2	5	5	5	7
3502	2	17	103
3504	2	2	2	2	3	73
3503	31	113
3505	5	701
3506	2	1753
3507	3	7	167
3501	3	3	389
3510	2	3	3	3	5	13
3508	2	2	877
3509	11	11	29
3511	3511
3512	2	2	2	439
3513	3	1171
3514	2	7	251
3518	2	1759
3517	3517
3515	5	19	37
3516	2	2	3	293
3519	3	3	17	23
3521	7	503
3520	2	2	2	2	2	2	5	11
3523	13	271
3526	2	41	43
3522	2	3	587
3524	2	2	881
3525	3	5	5	47
3528	2	2	2	3	3	7	7
3530	2	5	353
3527	3527
3532	2	2	883
3529	3529
3533	3533
3531	3	11	107
3536	2	2	2	2	13	17
3535	5	7	101
3537	3	3	3	131
3538	2	29	61
3540	2	2	3	5	59
3534	2	3	19	31
3539	3539
3541	3541
3545	5	709
3543	3	1181
3544	2	2	2	443
3546	2	3	3	197
3542	2	7	11	23
3547	3547
3549	3	7	13	13
3551	53	67
3548	2	2	887
3552	2	2	2	2	2	3	37
3550	2	5	5	71
3555	3	3	5	79
3554	2	1777
3553	11	17	19
3556	2	2	7	127
3557	3557
3558	2	3	593
3560	2	2	2	5	89
3562	2	13	137
3559	3559
3563	7	509
3566	2	1783
3561	3	1187
3564	2	2	3	3	3	3	11
3565	5	23	31
3567	3	29	41
3569	43	83
3568	2	2	2	2	223
3570	2	3	5	7	17
3573	3	3	397
3571	3571
3574	2	1787
3572	2	2	19	47
3575	5	5	11	13
3576	2	2	2	3	149
3577	7	7	73
3580	2	2	5	179
3579	3	1193
3581	3581
3578	2	1789
3582	2	3	3	199
3585	3	5	239
3583	3583
3584	2	2	2	2	2	2	2	2	2	7
3586	2	11	163
3587	17	211
3589	37	97
3588	2	2	3	13	23
3591	3	3	3	7	19
3590	2	5	359
3594	2	3	599
3592	2	2	2	449
3593	3593
3595	5	719
3596	2	2	29	31
3599	59	61
3600	2	2	2	2	3	3	5	5
3601	13	277
3597	3	11	109
3603	3	1201
3602	2	1801
3604	2	2	17	53
3606	2	3	601
3605	5	7	103
3608	2	2	2	11	41
3598	2	7	257
3607	3607
3610	2	5	19	19
3609	3	3	401
3611	23	157
3612	2	2	3	7	43
3614	2	13	139
3613	3613
3618	2	3	3	3	67
3619	7	11	47
3615	3	5	241
3617	3617
3616	2	2	2	2	2	113
3620	2	2	5	181
3621	3	17	71
3623	3623
3622	2	1811
3624	2	2	2	3	151
3625	5	5	5	29
3628	2	2	907
3626	2	7	7	37
3627	3	3	13	31
3629	19	191
3630	2	3	5	11	11
3631	3631
3635	5	727
3632	2	2	2	2	227
3634	2	23	79
3633	3	7	173
3636	2	2	3	3	101
3638	2	17	107
3640	2	2	2	5	7	13
3637	3637
3641	11	331
3639	3	1213
3643	3643
3642	2	3	607
3645	3	3	3	3	3	3	5
3646	2	1823
3644	2	2	911
3647	7	521
3651	3	1217
3648	2	2	2	2	2	2	3	19
3650	2	5	5	73
3649	41	89
3652	2	2	11	83
3654	2	3	3	7	29
3656	2	2	2	457
3653	13	281
3655	5	17	43
3659	3659
3660	2	2	3	5	61
3661	7	523
3657	3	23	53
3662	2	1831
3658	2	31	59
3663	3	3	11	37
3665	5	733
3667	19	193
3664	2	2	2	2	229
3668	2	2	7	131
3670	2	5	367
3666	2	3	13	47
3671	3671
3672	2	2	2	3	3	3	17
3674	2	11	167
3675	3	5	5	7	7
3673	3673
3669	3	1223
3676	2	2	919
3679	13	283
3681	3	3	409
3677	3677
3678	2	3	613
3680	2	2	2	2	2	5	23
3682	2	7	263
3684	2	2	3	307
3685	5	11	67
3686	2	19	97
3688	2	2	2	461
3689	7	17	31
3683	29	127
3690	2	3	3	5	41
3691	3691
3692	2	2	13	71
3694	2	1847
3687	3	1229
3693	3	1231
3695	5	739
3698	2	43	43
3696	2	2	2	2	3	7	11
3697	3697
3699	3	3	3	137
3702	2	3	617
3700	2	2	5	5	37
3701	3701
3703	7	23	23
3705	3	5	13	19
3704	2	2	2	463
3706	2	17	109
3707	11	337
3710	2	5	7	53
3708	2	2	3	3	103
3709	3709
3711	3	1237
3714	2	3	619
3712	2	2	2	2	2	2	2	29
3716	2	2	929
3713	47	79
3717	3	3	7	59
3719	3719
3720	2	2	2	3	5	31
3721	61	61
3718	2	11	13	13
3723	3	17	73
3724	2	2	7	7	19
3722	2	1861
3725	5	5	149
3726	2	3	3	3	3	23
3715	5	743
3727	3727
3728	2	2	2	2	233
3729	3	11	113
3731	7	13	41
3730	2	5	373
3733	3733
3732	2	2	3	311
3734	2	1867
3737	37	101
3735	3	3	5	83
3739	3739
3738	2	3	7	89
3741	3	29	43
3736	2	2	2	467
3743	19	197
3745	5	7	107
3744	2	2	2	2	2	3	3	13
3740	2	2	5	11	17
3747	3	1249
3748	2	2	937
3746	2	1873
3751	11	11	31
3750	2	3	5	5	5	5
3742	2	1871
3752	2	2	2	7	67
3749	23	163
3754	2	1877
3755	5	751
3757	13	17	17
3758	2	1879
3756	2	2	3	313
3760	2	2	2	2	5	47
3761	3761
3762	2	3	3	11	19
3759	3	7	179
3753	3	3	3	139
3764	2	2	941
3765	3	5	251
3767	3767
3768	2	2	2	3	157
3769	3769
3770	2	5	13	29
3763	53	71
3772	2	2	23	41
3766	2	7	269
3773	7	7	7	11
3771	3	3	419
3775	5	5	151
3776	2	2	2	2	2	2	59
3778	2	1889
3774	2	3	17	37
3780	2	2	3	3	3	5	7
3777	3	1259
3779	3779
3783	3	13	97
3782	2	31	61
3781	19	199
3784	2	2	2	11	43
3786	2	3	631
3787	7	541
3788	2	2	947
3790	2	5	379
3791	17	223
3789	3	3	421
3785	5	757
3792	2	2	2	2	3	79
3793	3793
3794	2	7	271
3795	3	5	11	23
3797	3797
3796	2	2	13	73
3798	2	3	3	211
3801	3	7	181
3799	29	131
3802	2	1901
3803	3803
3800	2	2	2	5	5	19
3805	5	761
3808	2	2	2	2	2	7	17
3804	2	2	3	317
3809	13	293
3807	3	3	3	3	47
3810	2	3	5	127
3806	2	11	173
3811	37	103
3812	2	2	953
3814	2	1907
3815	5	7	109
3817	11	347
3816	2	2	2	3	3	53
3813	3	31	41
3820	2	2	5	191
3822	2	3	7	7	13
3821	3821
3818	2	23	83
3823	3823
3819	3	19	67
3824	2	2	2	2	239
3827	43	89
3828	2	2	3	11	29
3830	2	5	383
3825	3	3	5	5	17
3829	7	547
3826	2	1913
3832	2	2	2	479
3833	3833
3834	2	3	3	3	71
3835	5	13	59
3836	2	2	7	137
3831	3	1277
3839	11	349
3837	3	1279
3841	23	167
3840	2	2	2	2	2	2	2	2	3	5
3843	3	3	7	61
3844	2	2	31	31
3838	2	19	101
3842	2	17	113
3848	2	2	2	13	37
3845	5	769
3847	3847
3846	2	3	641
3849	3	1283
3850	2	5	5	7	11
3853	3853
3854	2	41	47
3851	3851
3855	3	5	257
3856	2	2	2	2	241
3858	2	3	643
3857	7	19	29
3852	2	2	3	3	107
3859	17	227
3861	3	3	3	11	13
3860	2	2	5	193
3864	2	2	2	3	7	23
3863	3863
3865	5	773
3862	2	1931
3866	2	1933
3867	3	1289
3870	2	3	3	5	43
3868	2	2	967
3869	53	73
3871	7	7	79
3872	2	2	2	2	2	11	11
3873	3	1291
3874	2	13	149
3876	2	2	3	17	19
3875	5	5	5	31
3877	3877
3880	2	2	2	5	97
3879	3	3	431
3878	2	7	277
3881	3881
3882	2	3	647
3883	11	353
3886	2	29	67
3885	3	5	7	37
3884	2	2	971
3888	2	2	2	2	3	3	3	3	3
3887	13	13	23
3891	3	1297
3890	2	5	389
3889	3889
3893	17	229
3892	2	2	7	139
3895	5	19	41
3894	2	3	11	59
3897	3	3	433
3899	7	557
3900	2	2	3	5	5	13
3896	2	2	2	487
3901	47	83
3902	2	1951
3903	3	1301
3904	2	2	2	2	2	2	61
3898	2	1949
3908	2	2	977
3907	3907
3905	5	11	71
3909	3	1303
3910	2	5	17	23
3906	2	3	3	7	31
3911	3911
3913	7	13	43
3912	2	2	2	3	163
3915	3	3	3	5	29
3916	2	2	11	89
3917	3917
3914	2	19	103
3921	3	1307
3922	2	37	53
3920	2	2	2	2	5	7	7
3923	3923
3925	5	5	157
3918	2	3	653
3924	2	2	3	3	109
3927	3	7	11	17
3928	2	2	2	491
3926	2	13	151
3929	3929
3919	3919
3930	2	3	5	131
3932	2	2	983
3933	3	3	19	23
3935	5	787
3936	2	2	2	2	2	3	41
3931	3931
3938	2	11	179
3934	2	7	281
3939	3	13	101
3937	31	127
3941	7	563
3940	2	2	5	197
3943	3943
3945	3	5	263
3946	2	1973
3944	2	2	2	17	29
3942	2	3	3	3	73
3949	11	359
3950	2	5	5	79
3947	3947
3952	2	2	2	2	13	19
3953	59	67
3951	3	3	439
3948	2	2	3	7	47
3955	5	7	113
3956	2	2	23	43
3958	2	1979
3957	3	1319
3959	37	107
3961	17	233
3962	2	7	283
3963	3	1321
3964	2	2	991
3954	2	3	659
3960	2	2	2	3	3	5	11
3965	5	13	61
3968	2	2	2	2	2	2	2	31
3969	3	3	3	3	7	7
3966	2	3	661
3971	11	19	19
3972	2	2	3	331
3967	3967
3973	29	137
3970	2	5	397
3975	3	5	5	53
3976	2	2	2	7	71
3974	2	1987
3979	23	173
3980	2	2	5	199
3978	2	3	3	13	17
3977	41	97
3982	2	11	181
3983	7	569
3984	2	2	2	2	3	83
3985	5	797
3987	3	3	443
3986	2	1993
3981	3	1327
3988	2	2	997
3991	13	307
3989	3989
3990	2	3	5	7	19
3993	3	11	11	11
3992	2	2	2	499
3995	5	17	47
3994	2	1997
3998	2	1999
3999	3	31	43
3996	2	2	3	3	3	37
3997	7	571
4001	4001
4002	2	3	23	29
4004	2	2	7	11	13
4000	2	2	2	2	2	5	5	5
4003	4003
4005	3	3	5	89
4009	19	211
4006	2	2003
4010	2	5	401
4008	2	2	2	3	167
4013	4013
4011	3	7	191
4012	2	2	17	59
4007	4007
4015	5	11	73
4017	3	13	103
4014	2	3	3	223
4016	2	2	2	2	251
4018	2	7	7	41
4019	4019
4022	2	2011
4021	4021
4020	2	2	3	5	67
4023	3	3	3	149
4024	2	2	2	503
4028	2	2	19	53
4026	2	3	11	61
4029	3	17	79
4027	4027
4025	5	5	7	23
4030	2	5	13	31
4031	29	139
4032	2	2	2	2	2	2	3	3	7
4035	3	5	269
4036	2	2	1009
4034	2	2017
4039	7	577
4037	11	367
4033	37	109
4038	2	3	673
4041	3	3	449
4042	2	43	47
4044	2	2	3	337
4040	2	2	2	5	101
4043	13	311
4045	5	809
4046	2	7	17	17
4049	4049
4047	3	19	71
4052	2	2	1013
4048	2	2	2	2	11	23
4053	3	7	193
4050	2	3	3	3	3	5	5
4055	5	811
4056	2	2	2	3	13	13
4054	2	2027
4051	4051
4057	4057
4059	3	3	11	41
4058	2	2029
4062	2	3	677
4060	2	2	5	7	29
4061	31	131
4064	2	2	2	2	2	127
4066	2	19	107
4067	7	7	83
4068	2	2	3	3	113
4063	17	239
4070	2	5	11	37
4065	3	5	271
4072	2	2	2	509
4071	3	23	59
4069	13	313
4075	5	5	163
4073	4073
4076	2	2	1019
4077	3	3	3	151
4079	4079
4078	2	2039
4080	2	2	2	2	3	5	17
4074	2	3	7	97
4081	7	11	53
4082	2	13	157
4083	3	1361
4084	2	2	1021
4086	2	3	3	227
4087	61	67
4085	5	19	43
4088	2	2	2	7	73
4089	3	29	47
4091	4091
4094	2	23	89
4090	2	5	409
4093	4093
4092	2	2	3	11	31
4095	3	3	5	7	13
4097	17	241
4099	4099
4098	2	3	683
4100	2	2	5	5	41
4096	2	2	2	2	2	2	2	2	2	2	2	2
4101	3	1367
4103	11	373
4104	2	2	2	3	3	3	19
4102	2	7	293
4107	3	37	37
4106	2	2053
4108	2	2	13	79
4105	5	821
4109	7	587
4110	2	3	5	137
4113	3	3	457
4115	5	823
4112	2	2	2	2	257
4114	2	11	11	17
4111	4111
4116	2	2	3	7	7	7
4117	23	179
4119	3	1373
4121	13	317
4118	2	29	71
4122	2	3	3	229
4120	2	2	2	5	103
4123	7	19	31
4126	2	2063
4124	2	2	1031
4125	3	5	5	5	11
4127	4127
4128	2	2	2	2	2	3	43
4130	2	5	7	59
4129	4129
4131	3	3	3	3	3	17
4132	2	2	1033
4133	4133
4136	2	2	2	11	47
4134	2	3	13	53
4135	5	827
4139	4139
4137	3	7	197
4138	2	2069
4140	2	2	3	3	5	23
4141	41	101
4142	2	19	109
4144	2	2	2	2	7	37
4143	3	1381
4146	2	3	691
4145	5	829
4147	11	13	29
4149	3	3	461
4148	2	2	17	61
4150	2	5	5	83
4152	2	2	2	3	173
4151	7	593
4153	4153
4154	2	31	67
4155	3	5	277
4157	4157
4159	4159
4158	2	3	3	3	7	11
4160	2	2	2	2	2	2	5	13
4156	2	2	1039
4161	3	19	73
4164	2	2	3	347
4163	23	181
4162	2	2081
4166	2	2083
4167	3	3	463
4165	5	7	7	17
4171	43	97
4169	11	379
4168	2	2	2	521
4170	2	3	5	139
4174	2	2087
4172	2	2	7	149
4173	3	13	107
4176	2	2	2	2	3	3	29
4175	5	5	167
4177	4177
4178	2	2089
4179	3	7	199
4181	37	113
4182	2	3	17	41
4180	2	2	5	11	19
4183	47	89
4185	3	3	3	5	31
4186	2	7	13	23
4187	53	79
4188	2	2	3	349
4184	2	2	2	523
4189	59	71
4190	2	5	419
4192	2	2	2	2	2	131
4191	3	11	127
4193	7	599
4194	2	3	3	233
4195	5	839
4196	2	2	1049
4197	3	1399
4198	2	2099
4199	13	17	19
4201	4201
4200	2	2	2	3	5	5	7
4205	5	29	29
4202	2	11	191
4203	3	3	467
4204	2	2	1051
4206	2	3	701
4207	7	601
4211	4211
4209	3	23	61
4208	2	2	2	2	263
4210	2	5	421
4212	2	2	3	3	3	3	13
4214	2	7	7	43
4215	3	5	281
4216	2	2	2	17	31
4213	11	383
4219	4219
4217	4217
4218	2	3	19	37
4220	2	2	5	211
4221	3	3	7	67
4223	41	103
4225	5	5	13	13
4222	2	2111
4224	2	2	2	2	2	2	2	3	11
4227	3	1409
4226	2	2113
4228	2	2	7	151
4231	4231
4230	2	3	3	5	47
4229	4229
4232	2	2	2	23	23
4236	2	2	3	353
4235	5	7	11	11
4234	2	29	73
4233	3	17	83
4239	3	3	3	157
4240	2	2	2	2	5	53
4241	4241
4237	19	223
4238	2	13	163
4243	4243
4244	2	2	1061
4245	3	5	283
4242	2	3	7	101
4246	2	11	193
4247	31	137
4248	2	2	2	3	3	59
4251	3	13	109
4249	7	607
4253	4253
4250	2	5	5	5	17
4252	2	2	1063
4255	5	23	37
4254	2	3	709
4256	2	2	2	2	2	7	19
4258	2	2129
4257	3	3	11	43
4259	4259
4260	2	2	3	5	71
4261	4261
4264	2	2	2	13	41
4262	2	2131
4263	3	7	7	29
4266	2	3	3	3	79
4265	5	853
4268	2	2	11	97
4267	17	251
4269	3	1423
4270	2	5	7	61
4272	2	2	2	2	3	89
4271	4271
4275	3	3	5	5	19
4274	2	2137
4273	4273
4276	2	2	1069
4277	7	13	47
4279	11	389
4278	2	3	23	31
4282	2	2141
4281	3	1427
4284	2	2	3	3	7	17
4280	2	2	2	5	107
4283	4283
4285	5	857
4286	2	2143
4288	2	2	2	2	2	2	67
4289	4289
4290	2	3	5	11	13
4287	3	1429
4291	7	613
4293	3	3	3	3	53
4294	2	19	113
4295	5	859
4292	2	2	29	37
4298	2	7	307
4296	2	2	2	3	179
4297	4297
4299	3	1433
4300	2	2	5	5	43
4301	11	17	23
4302	2	3	3	239
4303	13	331
4304	2	2	2	2	269
4307	59	73
4308	2	2	3	359
4305	3	5	7	41
4309	31	139
4306	2	2153
4310	2	5	431
4314	2	3	719
4313	19	227
4312	2	2	2	7	7	11
4315	5	863
4311	3	3	479
4316	2	2	13	83
4318	2	17	127
4317	3	1439
4320	2	2	2	2	2	3	3	3	5
4319	7	617
4321	29	149
4323	3	11	131
4322	2	2161
4324	2	2	23	47
4326	2	3	7	103
4325	5	5	173
4327	4327
4328	2	2	2	541
4329	3	3	13	37
4332	2	2	3	19	19
4333	7	619
4330	2	5	433
4331	61	71
4334	2	11	197
4335	3	5	17	17
4336	2	2	2	2	271
4337	4337
4338	2	3	3	241
4339	4339
4340	2	2	5	7	31
4341	3	1447
4343	43	101
4342	2	13	167
4345	5	11	79
4344	2	2	2	3	181
4346	2	41	53
4349	4349
4350	2	3	5	5	29
4352	2	2	2	2	2	2	2	2	17
4347	3	3	3	7	23
4351	19	229
4354	2	7	311
4348	2	2	1087
4353	3	1451
4355	5	13	67
4357	4357
4356	2	2	3	3	11	11
4358	2	2179
4361	7	7	89
4359	3	1453
4360	2	2	2	5	109
4362	2	3	727
4364	2	2	1091
4363	4363
4366	2	37	59
4368	2	2	2	2	3	7	13
4367	11	397
4365	3	3	5	97
4369	17	257
4371	3	31	47
4373	4373
4370	2	5	19	23
4372	2	2	1093
4375	5	5	5	5	7
4374	2	3	3	3	3	3	3	3
4376	2	2	2	547
4379	29	151
4378	2	11	199
4377	3	1459
4380	2	2	3	5	73
4382	2	7	313
4385	5	877
4384	2	2	2	2	2	137
4383	3	3	487
4381	13	337
4386	2	3	17	43
4387	41	107
4389	3	7	11	19
4391	4391
4388	2	2	1097
4390	2	5	439
4392	2	2	2	3	3	61
4394	2	13	13	13
4395	3	5	293
4393	23	191
4396	2	2	7	157
4397	4397
4398	2	3	733
4400	2	2	2	2	5	5	11
4402	2	31	71
4403	7	17	37
4401	3	3	3	163
4399	53	83
4406	2	2203
4404	2	2	3	367
4407	3	13	113
4405	5	881
4408	2	2	2	19	29
4412	2	2	1103
4409	4409
4413	3	1471
4410	2	3	3	5	7	7
4414	2	2207
4411	11	401
4416	2	2	2	2	2	2	3	23
4418	2	47	47
4415	5	883
4417	7	631
4420	2	2	5	13	17
4422	2	3	11	67
4421	4421
4419	3	3	491
4423	4423
4427	19	233
4425	3	5	5	59
4426	2	2213
4424	2	2	2	7	79
4429	43	103
4430	2	5	443
4431	3	7	211
4434	2	3	739
4428	2	2	3	3	3	41
4432	2	2	2	2	277
4435	5	887
4438	2	7	317
4433	11	13	31
4437	3	3	17	29
4436	2	2	1109
4439	23	193
4441	4441
4442	2	2221
4443	3	1481
4440	2	2	2	3	5	37
4444	2	2	11	101
4445	5	7	127
4446	2	3	3	13	19
4447	4447
4448	2	2	2	2	2	139
4450	2	5	5	89
4452	2	2	3	7	53
4453	61	73
4449	3	1483
4455	3	3	3	3	5	11
4451	4451
4456	2	2	2	557
4458	2	3	743
4457	4457
4459	7	7	7	13
4454	2	17	131
4461	3	1487
4460	2	2	5	223
4462	2	23	97
4465	5	19	47
4464	2	2	2	2	3	3	31
4463	4463
4468	2	2	1117
4466	2	7	11	29
4469	41	109
4467	3	1489
4470	2	3	5	149
4471	17	263
4472	2	2	2	13	43
4476	2	2	3	373
4473	3	3	7	71
4475	5	5	179
4477	11	11	37
4474	2	2237
4479	3	1493
4478	2	2239
4480	2	2	2	2	2	2	2	5	7
4482	2	3	3	3	83
4484	2	2	19	59
4481	4481
4485	3	5	13	23
4483	4483
4487	7	641
4486	2	2243
4489	67	67
4491	3	3	499
4490	2	5	449
4488	2	2	2	3	11	17
4492	2	2	1123
4494	2	3	7	107
4497	3	1499
4496	2	2	2	2	281
4495	5	29	31
4493	4493
4498	2	13	173
4499	11	409
4500	2	2	3	3	5	5	5
4503	3	19	79
4502	2	2251
4501	7	643
4506	2	3	751
4505	5	17	53
4507	4507
4509	3	3	3	167
4508	2	2	7	7	23
4504	2	2	2	563
4510	2	5	11	41
4513	4513
4511	13	347
4514	2	37	61
4512	2	2	2	2	2	3	47
4516	2	2	1129
4515	3	5	7	43
4519	4519
4520	2	2	2	5	113
4517	4517
4521	3	11	137
4522	2	7	17	19
4523	4523
4518	2	3	3	251
4524	2	2	3	13	29
4525	5	5	181
4526	2	31	73
4528	2	2	2	2	283
4527	3	3	503
4529	7	647
4531	23	197
4530	2	3	5	151
4534	2	2267
4532	2	2	11	103
4533	3	1511
4535	5	907
4537	13	349
4539	3	17	89
4540	2	2	5	227
4538	2	2269
4542	2	3	757
4536	2	2	2	3	3	3	3	7
4541	19	239
4543	7	11	59
4545	3	3	5	101
4547	4547
4544	2	2	2	2	2	2	71
4546	2	2273
4548	2	2	3	379
4549	4549
4550	2	5	5	7	13
4551	3	37	41
4552	2	2	2	569
4553	29	157
4555	5	911
4554	2	3	3	11	23
4557	3	7	7	31
4560	2	2	2	2	3	5	19
4556	2	2	17	67
4558	2	43	53
4559	47	97
4562	2	2281
4564	2	2	7	163
4561	4561
4566	2	3	761
4563	3	3	3	13	13
4565	5	11	83
4567	4567
4571	7	653
4569	3	1523
4570	2	5	457
4572	2	2	3	3	127
4568	2	2	2	571
4574	2	2287
4575	3	5	5	61
4578	2	3	7	109
4573	17	269
4576	2	2	2	2	2	11	13
4579	19	241
4580	2	2	5	229
4577	23	199
4581	3	3	509
4582	2	29	79
4584	2	2	2	3	191
4587	3	11	139
4585	5	7	131
4586	2	2293
4583	4583
4589	13	353
4588	2	2	31	37
4590	2	3	3	3	5	17
4592	2	2	2	2	7	41
4591	4591
4594	2	2297
4596	2	2	3	383
4593	3	1531
4598	2	11	11	19
4595	5	919
4600	2	2	2	5	5	23
4597	4597
4601	43	107
4599	3	3	7	73
4602	2	3	13	59
4605	3	5	307
4604	2	2	1151
4603	4603
4607	17	271
4608	2	2	2	2	2	2	2	2	2	3	3
4609	11	419
4610	2	5	461
4612	2	2	1153
4606	2	7	7	47
4611	3	29	53
4613	7	659
4614	2	3	769
4617	3	3	3	3	3	19
4615	5	13	71
4616	2	2	2	577
4618	2	2309
4619	31	149
4620	2	2	3	5	7	11
4621	4621
4623	3	23	67
4624	2	2	2	2	17	17
4625	5	5	5	37
4622	2	2311
4626	2	3	3	257
4627	7	661
4628	2	2	13	89
4630	2	5	463
4629	3	1543
4632	2	2	2	3	193
4631	11	421
4635	3	3	5	103
4634	2	7	331
4633	41	113
4637	4637
4636	2	2	19	61
4638	2	3	773
4639	4639
4640	2	2	2	2	2	5	29
4641	3	7	13	17
4644	2	2	3	3	3	43
4642	2	11	211
4643	4643
4646	2	23	101
4647	3	1549
4645	5	929
4648	2	2	2	7	83
4650	2	3	5	5	31
4653	3	3	11	47
4651	4651
4649	4649
4652	2	2	1163
4654	2	13	179
4656	2	2	2	2	3	97
4655	5	7	7	19
4659	3	1553
4657	4657
4660	2	2	5	233
4658	2	17	137
4661	59	79
4662	2	3	3	7	37
4663	4663
4665	3	5	311
4664	2	2	2	11	53
4666	2	2333
4667	13	359
4670	2	5	467
4669	7	23	29
4673	4673
4671	3	3	3	173
4668	2	2	3	389
4672	2	2	2	2	2	2	73
4675	5	5	11	17
4674	2	3	19	41
4679	4679
4676	2	2	7	167
4677	3	1559
4678	2	2339
4680	2	2	2	3	3	5	13
4683	3	7	223
4685	5	937
4681	31	151
4684	2	2	1171
4682	2	2341
4687	43	109
4689	3	3	521
4686	2	3	11	71
4688	2	2	2	2	293
4691	4691
4692	2	2	3	17	23
4693	13	19	19
4690	2	5	7	67
4694	2	2347
4695	3	5	313
4696	2	2	2	587
4697	7	11	61
4699	37	127
4698	2	3	3	3	3	29
4700	2	2	5	5	47
4701	3	1567
4702	2	2351
4704	2	2	2	2	2	3	7	7
4706	2	13	181
4705	5	941
4707	3	3	523
4703	4703
4708	2	2	11	107
4709	17	277
4710	2	3	5	157
4711	7	673
4712	2	2	2	19	31
4713	3	1571
4715	5	23	41
4714	2	2357
4717	53	89
4719	3	11	11	13
4716	2	2	3	3	131
4718	2	7	337
4721	4721
4720	2	2	2	2	5	59
4723	4723
4725	3	3	3	5	5	7
4722	2	3	787
4726	2	17	139
4724	2	2	1181
4727	29	163
4729	4729
4728	2	2	2	3	197
4732	2	2	7	13	13
4733	4733
4735	5	947
4731	3	19	83
4736	2	2	2	2	2	2	2	37
4730	2	5	11	43
4734	2	3	3	263
4737	3	1579
4738	2	23	103
4739	7	677
4742	2	2371
4743	3	3	17	31
4744	2	2	2	593
4741	11	431
4740	2	2	3	5	79
4746	2	3	7	113
4745	5	13	73
4747	47	101
4749	3	1583
4748	2	2	1187
4750	2	5	5	5	19
4752	2	2	2	2	3	3	3	11
4751	4751
4753	7	7	97
4754	2	2377
4755	3	5	317
4757	67	71
4756	2	2	29	41
4758	2	3	13	61
4761	3	3	23	23
4762	2	2381
4760	2	2	2	5	7	17
4764	2	2	3	397
4759	4759
4765	5	953
4763	11	433
4767	3	7	227
4766	2	2383
4768	2	2	2	2	2	149
4769	19	251
4770	2	3	3	5	53
4772	2	2	1193
4771	13	367
4773	3	37	43
4774	2	7	11	31
4776	2	2	2	3	199
4777	17	281
4778	2	2389
4779	3	3	3	3	59
4782	2	3	797
4780	2	2	5	239
4775	5	5	191
4781	7	683
4783	4783
4784	2	2	2	2	13	23
4786	2	2393
4787	4787
4785	3	5	11	29
4791	3	1597
4790	2	5	479
4789	4789
4792	2	2	2	599
4793	4793
4794	2	3	17	47
4795	5	7	137
4796	2	2	11	109
4797	3	3	13	41
4799	4799
4800	2	2	2	2	2	2	3	5	5
4798	2	2399
4802	2	7	7	7	7
4788	2	2	3	3	7	19
4801	4801
4803	3	1601
4804	2	2	1201
4806	2	3	3	3	89
4805	5	31	31
4807	11	19	23
4809	3	7	229
4808	2	2	2	601
4810	2	5	13	37
4811	17	283
4813	4813
4814	2	29	83
4815	3	3	5	107
4812	2	2	3	401
4817	4817
4819	61	79
4816	2	2	2	2	7	43
4821	3	1607
4822	2	2411
4823	7	13	53
4824	2	2	2	3	3	67
4820	2	2	5	241
4825	5	5	193
4827	3	1609
4818	2	3	11	73
4826	2	19	127
4828	2	2	17	71
4831	4831
4832	2	2	2	2	2	151
4833	3	3	3	179
4829	11	439
4836	2	2	3	13	31
4830	2	3	5	7	23
4837	7	691
4834	2	2417
4835	5	967
4840	2	2	2	5	11	11
4841	47	103
4842	2	3	3	269
4844	2	2	7	173
4839	3	1613
4845	3	5	17	19
4843	29	167
4847	37	131
4838	2	41	59
4846	2	2423
4850	2	5	5	97
4849	13	373
4851	3	3	7	7	11
4852	2	2	1213
4854	2	3	809
4853	23	211
4856	2	2	2	607
4857	3	1619
4855	5	971
4859	43	113
4860	2	2	3	3	3	3	3	5
4861	4861
4858	2	7	347
4848	2	2	2	2	3	101
4863	3	1621
4865	5	7	139
4864	2	2	2	2	2	2	2	2	19
4866	2	3	811
4862	2	11	13	17
4868	2	2	1217
4867	31	157
4870	2	5	487
4869	3	3	541
4872	2	2	2	3	7	29
4871	4871
4874	2	2437
4876	2	2	23	53
4877	4877
4873	11	443
4878	2	3	3	271
4879	7	17	41
4881	3	1627
4875	3	5	5	5	13
4883	19	257
4882	2	2441
4884	2	2	3	11	37
4886	2	7	349
4887	3	3	3	181
4888	2	2	2	13	47
4880	2	2	2	2	5	61
4890	2	3	5	163
4889	4889
4885	5	977
4893	3	7	233
4892	2	2	1223
4895	5	11	89
4891	67	73
4894	2	2447
4898	2	31	79
4899	3	23	71
4897	59	83
4900	2	2	5	5	7	7
4901	13	13	29
4903	4903
4902	2	3	19	43
4905	3	3	5	109
4907	7	701
4904	2	2	2	613
4908	2	2	3	409
4906	2	11	223
4909	4909
4910	2	5	491
4911	3	1637
4913	17	17	17
4915	5	983
4914	2	3	3	3	7	13
4916	2	2	1229
4917	3	11	149
4918	2	2459
4919	4919
4920	2	2	2	3	5	41
4921	7	19	37
4922	2	23	107
4923	3	3	547
4924	2	2	1231
4925	5	5	197
4926	2	3	821
4928	2	2	2	2	2	2	7	11
4896	2	2	2	2	2	3	3	17
4929	3	31	53
4931	4931
4932	2	2	3	3	137
4930	2	5	17	29
4912	2	2	2	2	307
4933	4933
4934	2	2467
4927	13	379
4936	2	2	2	617
4937	4937
4935	3	5	7	47
4938	2	3	823
4939	11	449
4942	2	7	353
4941	3	3	3	3	61
4944	2	2	2	2	3	103
4943	4943
4940	2	2	5	13	19
4945	5	23	43
4946	2	2473
4948	2	2	1237
4950	2	3	3	5	5	11
4951	4951
4949	7	7	101
4952	2	2	2	619
4954	2	2477
4947	3	17	97
4953	3	13	127
4957	4957
4958	2	37	67
4956	2	2	3	7	59
4959	3	3	19	29
4960	2	2	2	2	2	5	31
4961	11	11	41
4963	7	709
4955	5	991
4962	2	3	827
4964	2	2	17	73
4967	4967
4968	2	2	2	3	3	3	23
4969	4969
4966	2	13	191
4971	3	1657
4965	3	5	331
4970	2	5	7	71
4972	2	2	11	113
4973	4973
4974	2	3	829
4975	5	5	199
4977	3	3	7	79
4976	2	2	2	2	311
4978	2	19	131
4981	17	293
4979	13	383
4980	2	2	3	5	83
4984	2	2	2	7	89
4985	5	997
4982	2	47	53
4987	4987
4983	3	11	151
4986	2	3	3	277
4988	2	2	29	43
4989	3	1663
4992	2	2	2	2	2	2	2	3	13
4991	7	23	31
4994	2	11	227
4993	4993
4990	2	5	499
4996	2	2	1249
4997	19	263
4999	4999
4998	2	3	7	7	17
4995	3	3	3	5	37
5000	2	2	2	5	5	5	5
